r	999	920	10	10	0	0	70s	100	1	4203
r	998	453	10	10	0	0	70s	100	1	4203
r	996	822	10	10	0	0	70s	100	1	4202
r	994	855	10	10	0	0	70s	100	1	4201
r	992	1299	10	10	0	0	70s	100	1	4201
r	991	835	10	10	0	0	70s	100	1	4201
r	991	627	10	10	0	0	70s	100	1	4202
r	991	1107	10	10	0	0	70s	100	1	4205
r	988	793	10	10	0	0	70s	100	1	4202
r	988	713	10	10	0	0	70s	100	1	4201
r	986	813	10	10	0	0	70s	100	1	4202
r	981	625	10	10	0	0	70s	100	1	4202
r	980	450	10	10	0	0	70s	100	1	4203
r	978	742	10	10	0	0	70s	100	1	4201
r	978	1024	10	10	0	0	70s	100	1	4202
r	977	1003	10	10	0	0	70s	100	1	4202
r	977	753	10	10	0	0	70s	100	1	4201
r	976	664	10	10	0	0	70s	100	1	4202
r	976	800	10	10	0	0	70s	100	1	4201
r	975	785	10	10	0	0	70s	100	1	4201
r	974	675	10	10	0	0	70s	100	1	4201
r	974	357	10	10	0	0	70s	100	1	4203
r	974	1218	10	10	0	0	70s	100	1	4204
r	974	646	10	10	0	0	70s	100	1	4202
r	971	989	10	10	0	0	70s	100	1	4202
r	970	1103	10	10	0	0	70s	100	1	4204
r	970	900	10	10	0	0	70s	100	1	4202
r	968	856	10	10	0	0	70s	100	1	4202
r	967	1093	10	10	0	0	70s	100	1	4205
r	967	925	10	10	0	0	70s	100	1	4203
r	966	1012	10	10	0	0	70s	100	1	4207
r	964	1136	10	10	0	0	70s	100	1	4204
r	964	937	10	10	0	0	70s	100	1	4203
r	964	818	10	10	0	0	70s	100	1	4202
r	963	349	10	10	0	0	70s	100	1	4203
r	962	663	10	10	0	0	70s	100	1	4201
r	958	949	10	10	0	0	70s	100	1	4202
r	957	259	10	10	0	0	70s	100	1	4205
r	956	625	10	10	0	0	70s	100	1	4202
r	954	1106	10	10	0	0	70s	100	1	4201
r	953	833	10	10	0	0	70s	100	1	4201
r	953	654	10	10	0	0	70s	100	1	4202
r	952	610	10	10	0	0	70s	100	1	4201
r	950	539	10	10	0	0	70s	100	1	4202
r	950	1028	10	10	0	0	70s	100	1	4202
r	949	1299	10	10	0	0	70s	100	1	4206
r	948	942	10	10	0	0	70s	100	1	4203
r	948	1199	10	10	0	0	70s	100	1	4201
r	947	1215	10	10	0	0	70s	100	1	4203
r	946	1274	10	10	0	0	70s	100	1	4206
r	946	846	10	10	0	0	70s	100	1	4201
r	945	917	10	10	0	0	70s	100	1	4203
r	944	991	10	10	0	0	70s	100	1	4207
r	943	332	10	0	0	0	70s	100	1	4202
r	943	240	10	0	0	0	70s	100	1	4202
r	940	280	10	10	0	0	70s	100	1	4205
r	940	1106	10	10	0	0	70s	100	1	4201
r	938	839	10	10	0	0	70s	100	1	4202
r	937	1015	10	10	0	0	70s	100	1	4207
r	936	462	10	10	0	0	70s	100	1	4202
r	932	530	10	10	0	0	70s	100	1	4202
r	931	1299	10	10	0	0	70s	100	1	4201
r	931	943	10	10	0	0	70s	100	1	4203
r	930	354	10	10	0	0	70s	100	1	4202
r	930	932	10	10	0	0	70s	100	1	4203
r	930	1004	10	10	0	0	70s	100	1	4202
r	930	1211	10	10	0	0	70s	100	1	4203
r	930	1193	10	10	0	0	70s	100	1	4203
r	930	379	10	0	0	0	70s	100	1	4202
r	928	235	10	0	0	0	70s	100	1	4202
r	927	921	10	10	0	0	70s	100	1	4203
r	925	898	10	10	0	0	70s	100	1	4202
r	925	436	10	10	0	0	70s	100	1	4202
r	924	252	10	10	0	0	70s	100	1	4206
r	923	1285	10	10	0	0	70s	100	1	4207
r	922	541	10	10	0	0	70s	100	1	4203
r	921	848	10	10	0	0	70s	100	1	4202
r	921	175	10	10	0	0	70s	100	1	4207
r	920	341	10	10	0	0	70s	100	1	4204
r	920	376	10	10	0	0	70s	100	1	4205
r	918	929	10	10	0	0	70s	100	1	4203
r	918	1219	10	10	0	0	70s	100	1	4205
r	916	477	10	10	0	0	70s	100	1	4206
r	914	908	10	10	0	0	70s	100	1	4203
r	912	451	10	10	0	0	70s	100	1	4206
r	911	837	10	10	0	0	70s	100	1	4201
r	911	262	10	10	0	0	70s	100	1	4205
r	910	1311	10	10	0	0	70s	100	1	4201
r	909	283	10	0	0	0	70s	100	1	4202
r	905	329	10	10	0	0	70s	100	1	4205
r	904	849	10	10	0	0	70s	100	1	4201
r	904	460	10	10	0	0	70s	100	1	4202
r	901	357	10	10	0	0	70s	100	1	4202
r	900	1285	10	10	0	0	70s	100	1	4206
r	900	545	10	10	0	0	70s	100	1	4202
r	899	243	10	10	0	0	70s	100	1	4206
r	898	376	10	0	0	0	70s	100	1	4202
r	895	439	10	10	0	0	70s	100	1	4202
r	893	613	10	10	0	0	70s	100	1	4201
r	893	640	10	10	0	0	70s	100	1	4201
r	891	176	10	10	0	0	70s	100	1	4207
r	890	1014	10	10	0	0	70s	100	1	4202
r	887	655	10	10	0	0	70s	100	1	4202
r	885	833	10	10	0	0	70s	100	1	4202
r	884	278	10	10	0	0	70s	100	1	4205
r	878	642	10	10	0	0	70s	100	1	4202
r	878	178	10	10	0	0	70s	100	1	4206
r	870	531	10	10	0	0	70s	100	1	4203
r	865	1010	10	10	0	0	70s	100	1	4202
r	864	615	10	10	0	0	70s	100	1	4202
r	862	1303	10	10	0	0	70s	100	1	4207
r	861	260	10	10	0	0	70s	100	1	4204
r	857	633	10	10	0	0	70s	100	1	4201
r	856	1110	10	10	0	0	70s	100	1	4205
r	856	648	10	10	0	0	70s	100	1	4201
r	851	1305	10	10	0	0	70s	100	1	4206
r	850	844	10	10	0	0	70s	100	1	4201
r	844	1014	10	10	0	0	70s	100	1	4202
r	844	1296	10	10	0	0	70s	100	1	4207
r	842	1184	10	10	0	0	70s	100	1	4205
r	839	634	10	10	0	0	70s	100	1	4202
r	839	1098	10	10	0	0	70s	100	1	4203
r	838	504	10	10	0	0	70s	100	1	4203
r	838	543	10	10	0	0	70s	100	1	4203
r	832	521	10	10	0	0	70s	100	1	4202
r	829	840	10	10	0	0	70s	100	1	4201
r	828	563	10	10	0	0	70s	100	1	4203
r	828	1134	10	10	0	0	70s	100	1	4205
r	823	432	10	10	0	0	70s	100	1	4203
r	823	1109	10	10	0	0	70s	100	1	4206
r	823	1294	10	10	0	0	70s	100	1	4207
r	822	998	10	10	0	0	70s	100	1	4202
r	821	813	10	10	0	0	70s	100	1	4201
r	821	527	10	10	0	0	70s	100	1	4202
r	820	1207	10	10	0	0	70s	100	1	4204
r	820	1123	10	10	0	0	70s	100	1	4206
r	819	756	10	10	0	0	70s	100	1	4202
r	817	636	10	10	0	0	70s	100	1	4202
r	817	866	10	10	0	0	70s	100	1	4202
r	817	176	10	10	0	0	70s	100	1	4206
r	817	723	10	10	0	0	70s	100	1	4201
r	815	1227	10	10	0	0	70s	100	1	4205
r	815	566	10	10	0	0	70s	100	1	4202
r	811	447	10	10	0	0	70s	100	1	4203
r	810	1187	10	10	0	0	70s	100	1	4203
r	810	1203	10	10	0	0	70s	100	1	4203
r	809	1092	10	10	0	0	70s	100	1	4205
r	808	422	10	10	0	0	70s	100	1	4202
r	807	263	10	10	0	0	70s	100	1	4207
r	807	819	10	10	0	0	70s	100	1	4201
r	805	535	10	10	0	0	70s	100	1	4202
r	805	1105	10	10	0	0	70s	100	1	4206
r	804	1215	10	10	0	0	70s	100	1	4203
r	804	749	10	10	0	0	70s	100	1	4202
r	802	1129	10	10	0	0	70s	100	1	4206
r	802	1008	10	10	0	0	70s	100	1	4202
r	800	520	10	10	0	0	70s	100	1	4203
r	800	563	10	10	0	0	70s	100	1	4203
r	800	551	10	10	0	0	70s	100	1	4202
r	799	719	10	10	0	0	70s	100	1	4201
r	799	775	10	10	0	0	70s	100	1	4201
r	798	445	10	10	0	0	70s	100	1	4203
r	796	802	10	10	0	0	70s	100	1	4201
r	795	823	10	10	0	0	70s	100	1	4202
r	795	1301	10	10	0	0	70s	100	1	4206
r	794	762	10	10	0	0	70s	100	1	4202
r	794	540	10	10	0	0	70s	100	1	4202
r	789	731	10	10	0	0	70s	100	1	4201
r	788	170	10	10	0	0	70s	100	1	4206
r	787	869	10	10	0	0	70s	100	1	4202
r	787	428	10	10	0	0	70s	100	1	4203
r	780	372	10	0	0	0	70s	100	1	4202
r	778	810	10	10	0	0	70s	100	1	4202
r	777	829	10	10	0	0	70s	100	1	4202
r	775	329	10	0	0	0	70s	100	1	4202
r	774	845	10	10	0	0	70s	100	1	4201
r	774	755	10	10	0	0	70s	100	1	4202
r	773	714	10	10	0	0	70s	100	1	4201
r	771	937	10	10	0	0	70s	100	1	4202
r	770	990	10	10	0	0	70s	100	1	4202
r	769	1003	10	10	0	0	70s	100	1	4207
r	766	768	10	10	0	0	70s	100	1	4202
r	766	1030	10	10	0	0	70s	100	1	4202
r	765	749	10	10	0	0	70s	100	1	4202
r	764	861	10	10	0	0	70s	100	1	4202
r	764	722	10	10	0	0	70s	100	1	4201
r	764	895	10	10	0	0	70s	100	1	4202
r	763	543	10	10	0	0	70s	100	1	4202
r	763	643	10	10	0	0	70s	100	1	4202
r	760	1009	10	10	0	0	70s	100	1	4207
r	760	1211	10	10	0	0	70s	100	1	4204
r	759	179	10	10	0	0	70s	100	1	4207
r	759	941	10	10	0	0	70s	100	1	4202
r	758	356	10	10	0	0	70s	100	1	4203
r	756	534	10	10	0	0	70s	100	1	4203
r	755	251	10	10	0	0	70s	100	1	4207
r	754	319	10	10	0	0	70s	100	1	4203
r	753	1086	10	10	0	0	70s	100	1	4205
r	752	997	10	10	0	0	70s	100	1	4207
r	751	910	10	10	0	0	70s	100	1	4202
r	750	844	10	10	0	0	70s	100	1	4201
r	748	1008	10	10	0	0	70s	100	1	4202
r	747	961	10	10	0	0	70s	100	1	4202
r	746	428	10	10	0	0	70s	100	1	4203
r	744	1024	10	10	0	0	70s	100	1	4202
r	744	1120	10	10	0	0	70s	100	1	4203
r	744	1100	10	10	0	0	70s	100	1	4203
r	741	736	10	10	0	0	70s	100	1	4201
r	741	1305	10	10	0	0	70s	100	1	4205
r	738	438	10	10	0	0	70s	100	1	4202
r	738	356	10	10	0	0	70s	100	1	4204
r	738	914	10	10	0	0	70s	100	1	4202
r	738	1033	10	10	0	0	70s	100	1	4207
r	738	983	10	10	0	0	70s	100	1	4207
r	737	1319	10	10	0	0	70s	100	1	4206
r	736	746	10	10	0	0	70s	100	1	4201
r	734	1007	10	10	0	0	70s	100	1	4207
r	733	940	10	10	0	0	70s	100	1	4202
r	732	331	10	10	0	0	70s	100	1	4203
r	731	537	10	10	0	0	70s	100	1	4202
r	731	1116	10	10	0	0	70s	100	1	4205
r	730	169	10	10	0	0	70s	100	1	4206
r	728	832	10	10	0	0	70s	100	1	4202
r	726	1129	10	10	0	0	70s	100	1	4203
r	726	1098	10	10	0	0	70s	100	1	4203
r	726	251	10	10	0	0	70s	100	1	4207
r	723	1209	10	10	0	0	70s	100	1	4203
r	722	1275	10	10	0	0	70s	100	1	4205
r	720	534	10	10	0	0	70s	100	1	4203
r	720	638	10	10	0	0	70s	100	1	4201
r	717	178	10	10	0	0	70s	100	1	4206
r	716	738	10	10	0	0	70s	100	1	4201
r	715	1087	10	10	0	0	70s	100	1	4204
r	715	849	10	10	0	0	70s	100	1	4201
r	714	1302	10	10	0	0	70s	100	1	4205
r	714	838	10	10	0	0	70s	100	1	4201
r	708	1128	10	10	0	0	70s	100	1	4204
r	705	535	10	10	0	0	70s	100	1	4203
r	705	845	10	10	0	0	70s	100	1	4201
r	705	1209	10	10	0	0	70s	100	1	4205
r	700	263	10	10	0	0	70s	100	1	4206
r	700	1111	10	10	0	0	70s	100	1	4203
r	699	432	10	10	0	0	70s	100	1	4202
r	699	738	10	10	0	0	70s	100	1	4201
r	698	1272	10	10	0	0	70s	100	1	4206
r	697	632	10	10	0	0	70s	100	1	4201
r	696	921	10	10	0	0	70s	100	1	4202
r	691	196	10	10	0	0	70s	100	1	4207
r	688	337	10	10	0	0	70s	100	1	4203
r	688	749	10	10	0	0	70s	100	1	4201
r	688	245	10	10	0	0	70s	100	1	4207
r	687	639	10	10	0	0	70s	100	1	4202
r	687	167	10	10	0	0	70s	100	1	4207
r	686	256	10	10	0	0	70s	100	1	4205
r	686	733	10	10	0	0	70s	100	1	4201
r	686	848	10	10	0	0	70s	100	1	4201
r	685	934	10	10	0	0	70s	100	1	4202
r	682	717	10	10	0	0	70s	100	1	4202
r	679	1205	10	10	0	0	70s	100	1	4205
r	678	771	10	10	0	0	70s	100	1	4202
r	678	660	10	10	0	0	70s	100	1	4202
r	676	284	10	10	0	0	70s	100	1	4204
r	676	845	10	10	0	0	70s	100	1	4202
r	675	191	10	10	0	0	70s	100	1	4207
r	672	723	10	10	0	0	70s	100	1	4202
r	670	173	10	10	0	0	70s	100	1	4207
r	667	1220	10	10	0	0	70s	100	1	4204
r	667	756	10	10	0	0	70s	100	1	4201
r	664	349	10	10	0	0	70s	100	1	4203
r	662	640	10	10	0	0	70s	100	1	4201
r	662	254	10	10	0	0	70s	100	1	4206
r	660	232	10	10	0	0	70s	100	1	4204
r	660	922	10	10	0	0	70s	100	1	4203
r	658	627	10	10	0	0	70s	100	1	4202
r	657	738	10	10	0	0	70s	100	1	4201
r	654	748	10	10	0	0	70s	100	1	4201
r	653	424	10	10	0	0	70s	100	1	4203
r	653	1205	10	10	0	0	70s	100	1	4205
r	651	702	10	10	0	0	70s	100	1	4201
r	651	655	10	10	0	0	70s	100	1	4202
r	648	841	10	10	0	0	70s	100	1	4202
r	645	688	10	10	0	0	70s	100	1	4202
r	644	258	10	10	0	0	70s	100	1	4206
r	644	637	10	10	0	0	70s	100	1	4201
r	640	342	10	10	0	0	70s	100	1	4203
r	638	665	10	10	0	0	70s	100	1	4201
r	636	538	10	10	0	0	70s	100	1	4203
r	634	460	10	0	0	0	70s	100	1	4202
r	633	838	10	10	0	0	70s	100	1	4202
r	632	413	10	0	0	0	70s	100	1	4202
r	631	1313	10	10	0	0	70s	100	1	4206
r	628	740	10	10	0	0	70s	100	1	4201
r	627	1078	10	10	0	0	70s	100	1	4205
r	627	659	10	10	0	0	70s	100	1	4202
r	627	1284	10	10	0	0	70s	100	1	4207
r	627	618	10	10	0	0	70s	100	1	4201
r	625	765	10	10	0	0	70s	100	1	4201
r	625	1104	10	10	0	0	70s	100	1	4205
r	623	343	10	10	0	0	70s	100	1	4203
r	621	430	10	10	0	0	70s	100	1	4202
r	619	643	10	10	0	0	70s	100	1	4201
r	617	919	10	10	0	0	70s	100	1	4202
r	612	1218	10	10	0	0	70s	100	1	4205
r	612	1289	10	10	0	0	70s	100	1	4207
r	612	848	10	10	0	0	70s	100	1	4201
r	610	536	10	10	0	0	70s	100	1	4202
r	609	413	10	10	0	0	70s	100	1	4202
r	609	641	10	10	0	0	70s	100	1	4201
r	608	1087	10	10	0	0	70s	100	1	4205
r	607	1276	10	10	0	0	70s	100	1	4206
r	606	331	10	10	0	0	70s	100	1	4205
r	606	1188	10	10	0	0	70s	100	1	4205
r	606	454	10	0	0	0	70s	100	1	4202
r	606	981	10	10	0	0	70s	100	1	4201
r	605	927	10	10	0	0	70s	100	1	4202
r	605	1012	10	10	0	0	70s	100	1	4201
r	603	261	10	10	0	0	70s	100	1	4206
r	603	352	10	10	0	0	70s	100	1	4204
r	598	530	10	10	0	0	70s	100	1	4202
r	596	997	10	10	0	0	70s	100	1	4201
r	596	1057	10	10	0	0	70s	100	1	4205
r	596	333	10	10	0	0	70s	100	1	4204
r	595	655	10	10	0	0	70s	100	1	4201
r	595	837	10	10	0	0	70s	100	1	4202
r	594	823	10	10	0	0	70s	100	1	4202
r	594	1211	10	10	0	0	70s	100	1	4205
r	593	1184	10	10	0	0	70s	100	1	4205
r	592	643	10	10	0	0	70s	100	1	4201
r	592	1301	10	10	0	0	70s	100	1	4207
r	590	463	10	0	0	0	70s	100	1	4202
r	589	848	10	10	0	0	70s	100	1	4201
r	587	1273	10	10	0	0	70s	100	1	4206
r	587	618	10	10	0	0	70s	100	1	4202
r	586	1330	10	10	0	0	70s	100	1	4207
r	586	428	10	10	0	0	70s	100	1	4202
r	586	1023	10	10	0	0	70s	100	1	4201
r	584	862	10	10	0	0	70s	100	1	4202
r	583	1216	10	10	0	0	70s	100	1	4205
r	583	1284	10	10	0	0	70s	100	1	4206
r	581	649	10	10	0	0	70s	100	1	4201
r	577	1270	10	10	0	0	70s	100	1	4207
r	577	854	10	10	0	0	70s	100	1	4201
r	576	1086	10	10	0	0	70s	100	1	4201
r	576	670	10	10	0	0	70s	100	1	4201
r	574	912	10	10	0	0	70s	100	1	4202
r	574	836	10	10	0	0	70s	100	1	4201
r	571	1220	10	10	0	0	70s	100	1	4204
r	571	815	10	10	0	0	70s	100	1	4202
r	571	636	10	10	0	0	70s	100	1	4201
r	567	772	10	10	0	0	70s	100	1	4201
r	567	1099	10	10	0	0	70s	100	1	4204
r	566	711	10	10	0	0	70s	100	1	4202
r	566	787	10	10	0	0	70s	100	1	4201
r	566	263	10	10	0	0	70s	100	1	4204
r	564	741	10	10	0	0	70s	100	1	4201
r	563	722	10	10	0	0	70s	100	1	4201
r	562	651	10	10	0	0	70s	100	1	4202
r	561	695	10	10	0	0	70s	100	1	4202
r	560	665	10	10	0	0	70s	100	1	4201
r	560	923	10	10	0	0	70s	100	1	4202
r	558	432	10	10	0	0	70s	100	1	4206
r	557	539	10	10	0	0	70s	100	1	4203
r	554	1306	10	0	0	0	70s	100	1	4202
r	549	1206	10	10	0	0	70s	100	1	4202
r	545	1009	10	0	0	0	70s	100	1	4202
r	545	867	10	10	0	0	70s	100	1	4202
r	543	1093	10	10	0	0	70s	100	1	4205
r	536	441	10	10	0	0	70s	100	1	4206
r	528	1292	10	10	0	0	70s	100	1	4207
r	523	1215	10	10	0	0	70s	100	1	4201
r	523	1001	10	10	0	0	70s	100	1	4201
r	520	537	10	10	0	0	70s	100	1	4203
r	516	914	10	10	0	0	70s	100	1	4202
r	515	261	10	10	0	0	70s	100	1	4206
r	515	526	10	10	0	0	70s	100	1	4202
r	514	562	10	10	0	0	70s	100	1	4202
r	513	1097	10	10	0	0	70s	100	1	4204
r	512	547	10	10	0	0	70s	100	1	4202
r	512	1306	10	0	0	0	70s	100	1	4202
r	510	244	10	10	0	0	70s	100	1	4204
r	509	938	10	10	0	0	70s	100	1	4202
r	508	954	10	10	0	0	70s	100	1	4203
r	506	1297	10	10	0	0	70s	100	1	4206
r	505	918	10	10	0	0	70s	100	1	4203
r	502	900	10	10	0	0	70s	100	1	4202
r	501	556	10	10	0	0	70s	100	1	4202
r	500	349	10	10	0	0	70s	100	1	4205
r	500	566	10	10	0	0	70s	100	1	4203
r	498	252	10	10	0	0	70s	100	1	4206
r	498	428	10	10	0	0	70s	100	1	4206
r	496	1005	10	0	0	0	70s	100	1	4202
r	495	264	10	10	0	0	70s	100	1	4206
r	494	280	10	10	0	0	70s	100	1	4206
r	492	843	10	10	0	0	70s	100	1	4202
r	491	805	10	10	0	0	70s	100	1	4202
r	491	758	10	10	0	0	70s	100	1	4203
r	490	692	10	10	0	0	70s	100	1	4203
r	489	622	10	10	0	0	70s	100	1	4202
r	488	336	10	10	0	0	70s	100	1	4207
r	488	511	10	0	0	0	70s	100	1	4202
r	487	870	10	10	0	0	70s	100	1	4202
r	487	644	10	10	0	0	70s	100	1	4202
r	487	600	10	10	0	0	70s	100	1	4202
r	486	1211	10	10	0	0	70s	100	1	4201
r	485	324	10	10	0	0	70s	100	1	4205
r	485	786	10	10	0	0	70s	100	1	4202
r	483	706	10	10	0	0	70s	100	1	4202
r	483	658	10	10	0	0	70s	100	1	4202
r	482	573	10	10	0	0	70s	100	1	4202
r	482	1294	10	10	0	0	70s	100	1	4203
r	482	552	10	10	0	0	70s	100	1	4202
r	481	735	10	10	0	0	70s	100	1	4202
r	481	770	10	10	0	0	70s	100	1	4203
r	481	942	10	10	0	0	70s	100	1	4203
r	477	997	10	10	0	0	70s	100	1	4201
r	477	1103	10	10	0	0	70s	100	1	4206
r	477	242	10	10	0	0	70s	100	1	4206
r	476	349	10	10	0	0	70s	100	1	4205
r	473	260	10	10	0	0	70s	100	1	4206
r	473	1080	10	10	0	0	70s	100	1	4206
r	473	328	10	10	0	0	70s	100	1	4207
r	472	903	10	10	0	0	70s	100	1	4202
r	472	927	10	10	0	0	70s	100	1	4203
r	471	1205	10	10	0	0	70s	100	1	4202
r	471	425	10	10	0	0	70s	100	1	4206
r	470	1310	10	0	0	0	70s	100	1	4202
r	468	954	10	10	0	0	70s	100	1	4203
r	468	526	10	10	0	0	70s	100	1	4203
r	467	288	10	10	0	0	70s	100	1	4204
r	466	249	10	10	0	0	70s	100	1	4205
r	465	1290	10	10	0	0	70s	100	1	4203
r	463	1229	10	10	0	0	70s	100	1	4205
r	463	1188	10	10	0	0	70s	100	1	4202
r	463	509	10	10	0	0	70s	100	1	4202
r	463	548	10	10	0	0	70s	100	1	4202
r	460	1065	10	10	0	0	70s	100	1	4206
r	459	921	10	10	0	0	70s	100	1	4203
r	458	1095	10	10	0	0	70s	100	1	4205
r	456	935	10	10	0	0	70s	100	1	4203
r	454	1215	10	10	0	0	70s	100	1	4201
r	453	1106	10	10	0	0	70s	100	1	4206
r	452	354	10	10	0	0	70s	100	1	4204
r	447	1185	10	10	0	0	70s	100	1	4205
r	447	409	10	0	0	0	70s	100	1	4202
r	446	433	10	0	0	0	70s	100	1	4202
r	445	997	10	10	0	0	70s	100	1	4201
r	444	1068	10	10	0	0	70s	100	1	4201
r	444	1200	10	10	0	0	70s	100	1	4205
r	443	461	10	0	0	0	70s	100	1	4202
r	442	1089	10	10	0	0	70s	100	1	4206
r	435	1306	10	0	0	0	70s	100	1	4202
r	434	1220	10	10	0	0	70s	100	1	4204
r	432	352	10	10	0	0	70s	100	1	4204
r	430	1293	10	10	0	0	70s	100	1	4202
r	428	626	10	10	0	0	70s	100	1	4202
r	424	646	10	10	0	0	70s	100	1	4202
r	422	412	10	10	0	0	70s	100	1	4202
r	422	506	10	10	0	0	70s	100	1	4206
r	422	445	10	10	0	0	70s	100	1	4202
r	419	535	10	10	0	0	70s	100	1	4206
r	416	732	10	0	0	0	70s	100	1	4202
r	416	617	10	10	0	0	70s	100	1	4202
r	416	576	10	10	0	0	70s	100	1	4206
r	416	753	10	0	0	0	70s	100	1	4202
r	413	549	10	10	0	0	70s	100	1	4207
r	413	479	10	10	0	0	70s	100	1	4206
r	412	1031	10	0	0	0	70s	100	1	4202
r	411	1298	10	10	0	0	70s	100	1	4206
r	410	719	10	10	0	0	70s	100	1	4201
r	410	348	10	10	0	0	70s	100	1	4207
r	410	646	10	10	0	0	70s	100	1	4202
r	409	425	10	10	0	0	70s	100	1	4202
r	409	995	10	10	0	0	70s	100	1	4201
r	406	804	10	10	0	0	70s	100	1	4202
r	403	878	10	10	0	0	70s	100	1	4202
r	403	1209	10	10	0	0	70s	100	1	4202
r	403	456	10	10	0	0	70s	100	1	4202
r	403	1015	10	10	0	0	70s	100	1	4201
r	401	749	10	10	0	0	70s	100	1	4203
r	400	1083	10	10	0	0	70s	100	1	4206
r	399	766	10	0	0	0	70s	100	1	4202
r	398	719	10	10	0	0	70s	100	1	4201
r	398	852	10	10	0	0	70s	100	1	4202
r	398	615	10	10	0	0	70s	100	1	4202
r	397	345	10	10	0	0	70s	100	1	4207
r	395	820	10	10	0	0	70s	100	1	4202
r	395	998	10	0	0	0	70s	100	1	4202
r	394	637	10	10	0	0	70s	100	1	4207
r	392	416	10	10	0	0	70s	100	1	4202
r	392	735	10	10	0	0	70s	100	1	4201
r	391	918	10	10	0	0	70s	100	1	4201
r	391	947	10	10	0	0	70s	100	1	4201
r	391	842	10	10	0	0	70s	100	1	4201
r	389	795	10	10	0	0	70s	100	1	4201
r	388	1299	10	10	0	0	70s	100	1	4207
r	387	880	10	10	0	0	70s	100	1	4201
r	386	985	10	10	0	0	70s	100	1	4201
r	383	1284	10	10	0	0	70s	100	1	4203
r	383	1006	10	10	0	0	70s	100	1	4201
r	381	1028	10	0	0	0	70s	100	1	4202
r	377	717	10	10	0	0	70s	100	1	4201
r	376	767	10	0	0	0	70s	100	1	4202
r	375	551	10	10	0	0	70s	100	1	4204
r	374	1088	10	10	0	0	70s	100	1	4206
r	374	1212	10	10	0	0	70s	100	1	4202
r	372	746	10	10	0	0	70s	100	1	4203
r	368	635	10	10	0	0	70s	100	1	4207
r	367	572	10	10	0	0	70s	100	1	4205
r	366	1288	10	10	0	0	70s	100	1	4202
r	365	538	10	10	0	0	70s	100	1	4205
r	363	250	10	10	0	0	70s	100	1	4204
r	362	336	10	10	0	0	70s	100	1	4206
r	360	354	10	10	0	0	70s	100	1	4206
r	359	312	10	10	0	0	70s	100	1	4206
r	357	295	10	10	0	0	70s	100	1	4205
r	353	1215	10	10	0	0	70s	100	1	4202
r	353	345	10	10	0	0	70s	100	1	4205
r	351	280	10	10	0	0	70s	100	1	4207
r	351	359	10	10	0	0	70s	100	1	4206
r	349	582	10	10	0	0	70s	100	1	4207
r	349	435	10	10	0	0	70s	100	1	4205
r	346	456	10	10	0	0	70s	100	1	4205
r	343	480	10	10	0	0	70s	100	1	4206
r	343	491	10	10	0	0	70s	100	1	4205
r	342	1294	10	10	0	0	70s	100	1	4202
r	341	1120	10	0	0	0	70s	100	1	4202
r	340	371	10	10	0	0	70s	100	1	4204
r	339	328	10	10	0	0	70s	100	1	4206
r	339	1088	10	10	0	0	70s	100	1	4202
r	339	257	10	10	0	0	70s	100	1	4207
r	337	565	10	10	0	0	70s	100	1	4205
r	336	407	10	10	0	0	70s	100	1	4205
r	333	272	10	10	0	0	70s	100	1	4205
r	333	304	10	10	0	0	70s	100	1	4204
r	333	544	10	10	0	0	70s	100	1	4205
r	333	661	10	10	0	0	70s	100	1	4202
r	333	451	10	10	0	0	70s	100	1	4206
r	330	618	10	10	0	0	70s	100	1	4207
r	330	910	10	10	0	0	70s	100	1	4202
r	330	342	10	10	0	0	70s	100	1	4206
r	328	362	10	10	0	0	70s	100	1	4206
r	326	1073	10	10	0	0	70s	100	1	4204
r	324	954	10	10	0	0	70s	100	1	4202
r	324	331	10	10	0	0	70s	100	1	4205
r	322	1300	10	10	0	0	70s	100	1	4207
r	322	1011	10	10	0	0	70s	100	1	4204
r	322	1209	10	10	0	0	70s	100	1	4202
r	321	249	10	10	0	0	70s	100	1	4204
r	319	629	10	10	0	0	70s	100	1	4202
r	319	861	10	10	0	0	70s	100	1	4202
r	319	649	10	10	0	0	70s	100	1	4207
r	319	693	10	10	0	0	70s	100	1	4202
r	319	769	10	10	0	0	70s	100	1	4202
r	318	886	10	10	0	0	70s	100	1	4202
r	318	1106	10	10	0	0	70s	100	1	4202
r	318	830	10	10	0	0	70s	100	1	4202
r	318	729	10	10	0	0	70s	100	1	4202
r	316	804	10	10	0	0	70s	100	1	4202
r	316	820	10	10	0	0	70s	100	1	4202
r	315	789	10	10	0	0	70s	100	1	4202
r	313	981	10	10	0	0	70s	100	1	4202
r	312	922	10	10	0	0	70s	100	1	4204
r	312	1297	10	10	0	0	70s	100	1	4206
r	310	748	10	10	0	0	70s	100	1	4203
r	308	644	10	10	0	0	70s	100	1	4206
r	304	1083	10	0	0	0	70s	100	1	4202
r	302	1070	10	10	0	0	70s	100	1	4201
r	298	1209	10	10	0	0	70s	100	1	4202
r	296	615	10	10	0	0	70s	100	1	4202
r	296	631	10	10	0	0	70s	100	1	4202
r	274	1068	10	10	0	0	70s	100	1	4204
r	274	1299	10	10	0	0	70s	100	1	4202
r	269	561	10	10	0	0	70s	100	1	4207
r	267	707	10	10	0	0	70s	100	1	4204
r	267	738	10	10	0	0	70s	100	1	4206
r	265	1222	10	10	0	0	70s	100	1	4205
r	265	1044	10	10	0	0	70s	100	1	4205
r	263	409	10	10	0	0	70s	100	1	4205
r	263	257	10	10	0	0	70s	100	1	4205
r	263	1237	10	10	0	0	70s	100	1	4205
r	261	287	10	10	0	0	70s	100	1	4206
r	261	269	10	10	0	0	70s	100	1	4207
r	260	579	10	10	0	0	70s	100	1	4202
r	259	758	10	10	0	0	70s	100	1	4204
r	258	1206	10	10	0	0	70s	100	1	4202
r	255	743	10	10	0	0	70s	100	1	4206
r	254	1068	10	10	0	0	70s	100	1	4201
r	254	1191	10	10	0	0	70s	100	1	4202
r	254	992	10	10	0	0	70s	100	1	4202
r	254	555	10	10	0	0	70s	100	1	4207
r	254	972	10	10	0	0	70s	100	1	4201
r	254	1012	10	10	0	0	70s	100	1	4202
r	254	725	10	10	0	0	70s	100	1	4206
r	254	295	10	10	0	0	70s	100	1	4205
r	252	652	10	10	0	0	70s	100	1	4207
r	252	422	10	10	0	0	70s	100	1	4205
r	251	536	10	10	0	0	70s	100	1	4202
r	251	1048	10	10	0	0	70s	100	1	4205
r	251	280	10	10	0	0	70s	100	1	4202
r	251	896	10	10	0	0	70s	100	1	4201
r	251	1029	10	10	0	0	70s	100	1	4205
r	251	261	10	10	0	0	70s	100	1	4207
r	251	854	10	10	0	0	70s	100	1	4204
r	251	1161	10	0	0	0	70s	100	1	4202
r	251	827	10	10	0	0	70s	100	1	4201
r	250	923	10	10	0	0	70s	100	1	4205
r	250	405	10	10	0	0	70s	100	1	4205
r	250	1129	10	0	0	0	70s	100	1	4202
r	249	578	10	10	0	0	70s	100	1	4205
r	248	382	10	10	0	0	70s	100	1	4205
r	248	360	10	10	0	0	70s	100	1	4205
r	248	792	10	10	0	0	70s	100	1	4201
r	248	872	10	10	0	0	70s	100	1	4201
r	246	1100	10	10	0	0	70s	100	1	4205
r	245	667	10	10	0	0	70s	100	1	4207
r	244	1227	10	10	0	0	70s	100	1	4204
r	244	615	10	10	0	0	70s	100	1	4204
r	243	741	10	10	0	0	70s	100	1	4206
r	243	1141	10	0	0	0	70s	100	1	4202
r	243	249	10	10	0	0	70s	100	1	4205
r	242	266	10	10	0	0	70s	100	1	4205
r	240	753	10	10	0	0	70s	100	1	4205
r	240	927	10	10	0	0	70s	100	1	4204
r	240	985	10	10	0	0	70s	100	1	4204
r	240	1194	10	10	0	0	70s	100	1	4204
r	240	713	10	10	0	0	70s	100	1	4204
r	239	1042	10	10	0	0	70s	100	1	4201
r	239	1292	10	10	0	0	70s	100	1	4207
r	239	552	10	10	0	0	70s	100	1	4202
r	238	944	10	10	0	0	70s	100	1	4205
r	237	573	10	10	0	0	70s	100	1	4202
r	233	1305	10	10	0	0	70s	100	1	4207
r	231	701	10	10	0	0	70s	100	1	4205
r	229	595	10	10	0	0	70s	100	1	4204
r	228	415	10	10	0	0	70s	100	1	4205
r	226	1212	10	0	0	0	70s	100	1	4202
r	225	293	10	10	0	0	70s	100	1	4204
r	225	719	10	10	0	0	70s	100	1	4204
r	221	1052	10	10	0	0	70s	100	1	4205
r	220	1230	10	10	0	0	70s	100	1	4204
r	219	264	10	10	0	0	70s	100	1	4206
r	218	748	10	10	0	0	70s	100	1	4205
r	211	703	10	10	0	0	70s	100	1	4206
r	196	266	10	10	0	0	70s	100	1	4206
r	191	1306	10	10	0	0	70s	100	1	4207
r	189	731	10	10	0	0	70s	100	1	4207
r	183	1067	10	10	0	0	70s	100	1	4206
r	176	702	10	10	0	0	70s	100	1	4207
r	174	1278	10	0	0	0	70s	100	1	4202
r	170	274	10	10	0	0	70s	100	1	4207
r	169	1041	10	10	0	0	70s	100	1	4205
r	169	1064	10	10	0	0	70s	100	1	4205
r	164	741	10	10	0	0	70s	100	1	4206
r	162	1320	10	0	0	0	70s	100	1	4202
r	161	1026	10	10	0	0	70s	100	1	4207
r	161	471	10	10	0	0	70s	100	1	4205
r	158	713	10	10	0	0	70s	100	1	4206
r	158	1310	10	10	0	0	70s	100	1	4202
r	158	1222	10	10	0	0	70s	100	1	4205
r	158	861	10	10	0	0	70s	100	1	4202
r	157	252	10	10	0	0	70s	100	1	4206
r	156	645	10	10	0	0	70s	100	1	4207
r	156	604	10	10	0	0	70s	100	1	4206
r	155	904	10	10	0	0	70s	100	1	4206
r	155	938	10	10	0	0	70s	100	1	4207
r	155	1285	10	10	0	0	70s	100	1	4207
r	154	557	10	10	0	0	70s	100	1	4206
r	154	1202	10	10	0	0	70s	100	1	4206
r	154	339	10	10	0	0	70s	100	1	4207
r	154	1156	10	10	0	0	70s	100	1	4207
r	154	519	10	10	0	0	70s	100	1	4207
r	153	409	10	10	0	0	70s	100	1	4207
r	153	1060	10	10	0	0	70s	100	1	4201
r	152	972	10	10	0	0	70s	100	1	4207
r	152	537	10	10	0	0	70s	100	1	4207
r	151	397	10	10	0	0	70s	100	1	4206
r	151	369	10	10	0	0	70s	100	1	4206
r	150	263	10	10	0	0	70s	100	1	4207
r	150	316	10	10	0	0	70s	100	1	4207
r	150	1003	10	10	0	0	70s	100	1	4202
r	150	486	10	10	0	0	70s	100	1	4205
r	150	691	10	10	0	0	70s	100	1	4206
r	150	277	10	10	0	0	70s	100	1	4207
r	149	985	10	10	0	0	70s	100	1	4207
r	149	1110	10	10	0	0	70s	100	1	4206
r	149	1235	10	10	0	0	70s	100	1	4205
r	149	444	10	10	0	0	70s	100	1	4205
r	149	726	10	10	0	0	70s	100	1	4206
r	148	1187	10	10	0	0	70s	100	1	4206
r	148	1146	10	10	0	0	70s	100	1	4206
r	148	819	10	10	0	0	70s	100	1	4206
r	1475	1276	10	10	0	0	70s	100	1	4207
r	1473	1074	10	10	0	0	70s	100	1	4207
r	1472	382	10	10	0	0	70s	100	1	4207
r	147	780	10	10	0	0	70s	100	1	4207
r	1469	430	10	10	0	0	70s	100	1	4207
r	1468	409	10	10	0	0	70s	100	1	4207
r	1463	157	10	10	0	0	70s	100	1	4206
r	1461	182	10	10	0	0	70s	100	1	4207
r	1460	1311	10	10	0	0	70s	100	1	4206
r	146	588	10	10	0	0	70s	100	1	4207
r	146	850	10	10	0	0	70s	100	1	4206
r	146	1038	10	10	0	0	70s	100	1	4205
r	146	603	10	10	0	0	70s	100	1	4206
r	1458	407	10	10	0	0	70s	100	1	4207
r	1457	1284	10	10	0	0	70s	100	1	4207
r	1455	1041	10	10	0	0	70s	100	1	4201
r	1454	430	10	10	0	0	70s	100	1	4203
r	1454	191	10	10	0	0	70s	100	1	4206
r	1454	1301	10	10	0	0	70s	100	1	4206
r	1451	790	10	10	0	0	70s	100	1	4207
r	1451	1220	10	10	0	0	70s	100	1	4207
r	1451	722	10	10	0	0	70s	100	1	4201
r	1450	605	10	10	0	0	70s	100	1	4206
r	1450	871	10	10	0	0	70s	100	1	4206
r	1450	1022	10	10	0	0	70s	100	1	4207
r	1449	775	10	10	0	0	70s	100	1	4207
r	1448	517	10	10	0	0	70s	100	1	4207
r	1448	1196	10	10	0	0	70s	100	1	4206
r	1447	624	10	10	0	0	70s	100	1	4207
r	1446	160	10	10	0	0	70s	100	1	4205
r	1446	1278	10	10	0	0	70s	100	1	4206
r	1445	913	10	10	0	0	70s	100	1	4201
r	1445	473	10	10	0	0	70s	100	1	4207
r	1445	298	10	10	0	0	70s	100	1	4206
r	1445	1314	10	10	0	0	70s	100	1	4206
r	1445	212	10	10	0	0	70s	100	1	4207
r	1445	185	10	10	0	0	70s	100	1	4205
r	1445	542	10	10	0	0	70s	100	1	4206
r	1444	688	10	10	0	0	70s	100	1	4206
r	1443	1056	10	10	0	0	70s	100	1	4201
r	1443	662	10	10	0	0	70s	100	1	4207
r	1443	944	10	10	0	0	70s	100	1	4201
r	1443	240	10	10	0	0	70s	100	1	4205
r	1443	1156	10	10	0	0	70s	100	1	4201
r	1443	1109	10	10	0	0	70s	100	1	4201
r	1442	837	10	10	0	0	70s	100	1	4207
r	1442	308	10	10	0	0	70s	100	1	4205
r	1442	404	10	10	0	0	70s	100	1	4203
r	1441	1248	10	10	0	0	70s	100	1	4207
r	1440	1031	10	10	0	0	70s	100	1	4207
r	1440	823	10	10	0	0	70s	100	1	4207
r	1440	376	10	10	0	0	70s	100	1	4206
r	144	924	10	10	0	0	70s	100	1	4207
r	1439	561	10	10	0	0	70s	100	1	4202
r	1439	491	10	10	0	0	70s	100	1	4202
r	1439	586	10	10	0	0	70s	100	1	4206
r	1439	1264	10	10	0	0	70s	100	1	4207
r	1439	1132	10	10	0	0	70s	100	1	4201
r	1438	875	10	10	0	0	70s	100	1	4207
r	1437	1201	10	10	0	0	70s	100	1	4207
r	1437	1293	10	10	0	0	70s	100	1	4207
r	1437	448	10	10	0	0	70s	100	1	4203
r	1436	260	10	10	0	0	70s	100	1	4205
r	1436	781	10	10	0	0	70s	100	1	4201
r	1436	743	10	10	0	0	70s	100	1	4201
r	1435	341	10	10	0	0	70s	100	1	4207
r	1434	167	10	10	0	0	70s	100	1	4207
r	1434	512	10	10	0	0	70s	100	1	4202
r	1434	904	10	10	0	0	70s	100	1	4201
r	1434	460	10	10	0	0	70s	100	1	4205
r	1433	366	10	10	0	0	70s	100	1	4205
r	1432	1273	10	10	0	0	70s	100	1	4207
r	1431	975	10	10	0	0	70s	100	1	4201
r	1431	184	10	10	0	0	70s	100	1	4205
r	1431	535	10	10	0	0	70s	100	1	4202
r	143	911	10	10	0	0	70s	100	1	4207
r	143	869	10	10	0	0	70s	100	1	4206
r	143	737	10	10	0	0	70s	100	1	4206
r	1426	1081	10	10	0	0	70s	100	1	4206
r	1425	1296	10	10	0	0	70s	100	1	4206
r	1424	399	10	10	0	0	70s	100	1	4206
r	1421	1311	10	10	0	0	70s	100	1	4206
r	142	750	10	10	0	0	70s	100	1	4207
r	1416	1042	10	10	0	0	70s	100	1	4206
r	1411	408	10	10	0	0	70s	100	1	4206
r	141	522	10	10	0	0	70s	100	1	4207
r	141	1278	10	10	0	0	70s	100	1	4206
r	1407	169	10	10	0	0	70s	100	1	4207
r	1400	1052	10	10	0	0	70s	100	1	4206
r	140	1318	10	0	0	0	70s	100	1	4202
r	140	1302	10	10	0	0	70s	100	1	4202
r	1386	180	10	10	0	0	70s	100	1	4206
r	138	717	10	10	0	0	70s	100	1	4207
r	1379	1308	10	10	0	0	70s	100	1	4206
r	1376	178	10	10	0	0	70s	100	1	4205
r	1375	1042	10	10	0	0	70s	100	1	4204
r	137	700	10	10	0	0	70s	100	1	4206
r	137	1070	10	10	0	0	70s	100	1	4205
r	1361	1294	10	10	0	0	70s	100	1	4206
r	1361	1060	10	10	0	0	70s	100	1	4205
r	1357	176	10	10	0	0	70s	100	1	4205
r	1355	1032	10	10	0	0	70s	100	1	4206
r	1354	404	10	10	0	0	70s	100	1	4204
r	1352	392	10	10	0	0	70s	100	1	4205
r	1351	288	10	10	0	0	70s	100	1	4204
r	1351	907	10	10	0	0	70s	100	1	4202
r	135	284	10	10	0	0	70s	100	1	4207
r	1349	1199	10	10	0	0	70s	100	1	4205
r	1349	886	10	10	0	0	70s	100	1	4202
r	1349	530	10	10	0	0	70s	100	1	4202
r	1346	178	10	10	0	0	70s	100	1	4205
r	1345	1059	10	10	0	0	70s	100	1	4204
r	1345	419	10	10	0	0	70s	100	1	4203
r	1345	269	10	10	0	0	70s	100	1	4204
r	1344	1216	10	10	0	0	70s	100	1	4204
r	1340	391	10	10	0	0	70s	100	1	4203
r	1339	1293	10	10	0	0	70s	100	1	4206
r	1339	249	10	10	0	0	70s	100	1	4204
r	1337	558	10	10	0	0	70s	100	1	4204
r	1337	338	10	10	0	0	70s	100	1	4204
r	1335	916	10	10	0	0	70s	100	1	4202
r	1335	1054	10	10	0	0	70s	100	1	4202
r	1334	1071	10	10	0	0	70s	100	1	4206
r	1334	693	10	10	0	0	70s	100	1	4202
r	1334	1202	10	10	0	0	70s	100	1	4202
r	1334	883	10	10	0	0	70s	100	1	4202
r	1332	896	10	10	0	0	70s	100	1	4202
r	1332	600	10	10	0	0	70s	100	1	4202
r	1332	769	10	10	0	0	70s	100	1	4202
r	1331	943	10	10	0	0	70s	100	1	4204
r	1331	549	10	10	0	0	70s	100	1	4202
r	1331	1118	10	10	0	0	70s	100	1	4206
r	1329	640	10	10	0	0	70s	100	1	4202
r	1329	751	10	10	0	0	70s	100	1	4202
r	1329	787	10	10	0	0	70s	100	1	4202
r	1329	929	10	10	0	0	70s	100	1	4205
r	1329	819	10	10	0	0	70s	100	1	4204
r	1329	512	10	10	0	0	70s	100	1	4203
r	1328	1029	10	10	0	0	70s	100	1	4205
r	1328	1149	10	10	0	0	70s	100	1	4206
r	1328	1135	10	10	0	0	70s	100	1	4206
r	1326	453	10	10	0	0	70s	100	1	4203
r	1326	477	10	10	0	0	70s	100	1	4203
r	1326	302	10	10	0	0	70s	100	1	4205
r	1326	1044	10	10	0	0	70s	100	1	4206
r	1326	394	10	10	0	0	70s	100	1	4203
r	1326	675	10	10	0	0	70s	100	1	4202
r	1326	413	10	10	0	0	70s	100	1	4203
r	1325	577	10	10	0	0	70s	100	1	4202
r	1325	609	10	10	0	0	70s	100	1	4202
r	1325	867	10	10	0	0	70s	100	1	4204
r	1322	254	10	10	0	0	70s	100	1	4204
r	1322	725	10	10	0	0	70s	100	1	4202
r	1322	529	10	10	0	0	70s	100	1	4202
r	1322	274	10	10	0	0	70s	100	1	4204
r	1320	436	10	10	0	0	70s	100	1	4205
r	1320	1185	10	10	0	0	70s	100	1	4202
r	1319	918	10	10	0	0	70s	100	1	4202
r	1319	173	10	10	0	0	70s	100	1	4205
r	1319	542	10	10	0	0	70s	100	1	4204
r	1317	902	10	10	0	0	70s	100	1	4202
r	1314	561	10	10	0	0	70s	100	1	4202
r	1311	1051	10	10	0	0	70s	100	1	4202
r	1311	1301	10	10	0	0	70s	100	1	4206
r	1307	400	10	10	0	0	70s	100	1	4205
r	1305	1212	10	10	0	0	70s	100	1	4205
r	1304	1291	10	10	0	0	70s	100	1	4201
r	1302	922	10	10	0	0	70s	100	1	4204
r	1300	171	10	10	0	0	70s	100	1	4207
r	1286	1208	10	10	0	0	70s	100	1	4205
r	1281	1294	10	10	0	0	70s	100	1	4206
r	1279	1304	10	10	0	0	70s	100	1	4206
r	1275	178	10	10	0	0	70s	100	1	4205
r	127	258	10	10	0	0	70s	100	1	4207
r	1266	1125	10	10	0	0	70s	100	1	4204
r	1263	1218	10	10	0	0	70s	100	1	4205
r	1259	1117	10	10	0	0	70s	100	1	4205
r	1256	723	10	10	0	0	70s	100	1	4204
r	1252	901	10	10	0	0	70s	100	1	4205
r	1251	178	10	10	0	0	70s	100	1	4207
r	1250	1208	10	10	0	0	70s	100	1	4205
r	1246	924	10	10	0	0	70s	100	1	4205
r	1246	734	10	10	0	0	70s	100	1	4203
r	1246	540	10	10	0	0	70s	100	1	4205
r	1246	752	10	10	0	0	70s	100	1	4203
r	1244	909	10	10	0	0	70s	100	1	4202
r	1240	1296	10	10	0	0	70s	100	1	4206
r	1240	363	10	10	0	0	70s	100	1	4203
r	1238	686	10	10	0	0	70s	100	1	4204
r	1238	833	10	0	0	0	70s	100	1	4202
r	1237	1025	10	0	0	0	70s	100	1	4202
r	1237	1117	10	10	0	0	70s	100	1	4206
r	1236	990	10	0	0	0	70s	100	1	4202
r	1235	1070	10	10	0	0	70s	100	1	4204
r	1235	785	10	10	0	0	70s	100	1	4204
r	1234	483	10	10	0	0	70s	100	1	4206
r	1234	606	10	10	0	0	70s	100	1	4206
r	1232	803	10	0	0	0	70s	100	1	4202
r	1232	749	10	10	0	0	70s	100	1	4203
r	1232	697	10	10	0	0	70s	100	1	4205
r	1232	634	10	10	0	0	70s	100	1	4204
r	1231	944	10	10	0	0	70s	100	1	4206
r	1231	342	10	10	0	0	70s	100	1	4202
r	1231	532	10	10	0	0	70s	100	1	4206
r	1231	761	10	10	0	0	70s	100	1	4203
r	1230	858	10	0	0	0	70s	100	1	4202
r	1230	284	10	10	0	0	70s	100	1	4204
r	1230	1007	10	10	0	0	70s	100	1	4204
r	1229	562	10	10	0	0	70s	100	1	4206
r	1229	1083	10	10	0	0	70s	100	1	4205
r	1229	738	10	10	0	0	70s	100	1	4204
r	1229	1297	10	10	0	0	70s	100	1	4201
r	1228	623	10	10	0	0	70s	100	1	4206
r	1228	1134	10	10	0	0	70s	100	1	4205
r	1228	898	10	10	0	0	70s	100	1	4206
r	1228	1062	10	10	0	0	70s	100	1	4204
r	1227	1051	10	10	0	0	70s	100	1	4205
r	1226	1102	10	10	0	0	70s	100	1	4206
r	1226	650	10	10	0	0	70s	100	1	4206
r	1225	883	10	10	0	0	70s	100	1	4205
r	1225	404	10	10	0	0	70s	100	1	4206
r	1223	971	10	10	0	0	70s	100	1	4206
r	1223	433	10	10	0	0	70s	100	1	4206
r	1223	523	10	10	0	0	70s	100	1	4204
r	1220	919	10	10	0	0	70s	100	1	4202
r	1220	729	10	10	0	0	70s	100	1	4202
r	1220	1205	10	10	0	0	70s	100	1	4205
r	1216	378	10	10	0	0	70s	100	1	4205
r	1214	1097	10	10	0	0	70s	100	1	4206
r	1214	536	10	10	0	0	70s	100	1	4204
r	1213	1217	10	10	0	0	70s	100	1	4205
r	1209	356	10	10	0	0	70s	100	1	4203
r	1209	1299	10	10	0	0	70s	100	1	4205
r	1209	182	10	10	0	0	70s	100	1	4205
r	1207	564	10	10	0	0	70s	100	1	4204
r	1206	249	10	10	0	0	70s	100	1	4206
r	1204	340	10	10	0	0	70s	100	1	4204
r	1202	517	10	10	0	0	70s	100	1	4205
r	1200	239	10	10	0	0	70s	100	1	4206
r	1193	1112	10	10	0	0	70s	100	1	4205
r	1186	258	10	10	0	0	70s	100	1	4204
r	1185	178	10	10	0	0	70s	100	1	4205
r	1182	1205	10	10	0	0	70s	100	1	4205
r	1182	996	10	10	0	0	70s	100	1	4202
r	1182	1299	10	10	0	0	70s	100	1	4205
r	1176	757	10	10	0	0	70s	100	1	4204
r	1176	255	10	10	0	0	70s	100	1	4206
r	1174	1106	10	10	0	0	70s	100	1	4205
r	1174	442	10	10	0	0	70s	100	1	4202
r	1172	1022	10	10	0	0	70s	100	1	4202
r	1170	720	10	10	0	0	70s	100	1	4202
r	1164	1208	10	10	0	0	70s	100	1	4205
r	1161	735	10	10	0	0	70s	100	1	4203
r	1160	644	10	10	0	0	70s	100	1	4202
r	1160	472	10	10	0	0	70s	100	1	4202
r	1158	814	10	10	0	0	70s	100	1	4202
r	1156	606	10	10	0	0	70s	100	1	4202
r	1156	761	10	10	0	0	70s	100	1	4203
r	1156	628	10	10	0	0	70s	100	1	4204
r	1155	883	10	10	0	0	70s	100	1	4202
r	1154	992	10	10	0	0	70s	100	1	4202
r	1154	866	10	10	0	0	70s	100	1	4202
r	1152	746	10	10	0	0	70s	100	1	4204
r	1152	574	10	10	0	0	70s	100	1	4202
r	1149	1032	10	10	0	0	70s	100	1	4201
r	1149	169	10	10	0	0	70s	100	1	4205
r	1149	837	10	10	0	0	70s	100	1	4202
r	1148	1297	10	10	0	0	70s	100	1	4206
r	1148	488	10	10	0	0	70s	100	1	4202
r	1148	912	10	10	0	0	70s	100	1	4202
r	1148	456	10	10	0	0	70s	100	1	4202
r	1148	724	10	10	0	0	70s	100	1	4202
r	1148	534	10	10	0	0	70s	100	1	4202
r	1146	799	10	10	0	0	70s	100	1	4202
r	1146	1018	10	10	0	0	70s	100	1	4202
r	1146	684	10	10	0	0	70s	100	1	4202
r	1146	936	10	10	0	0	70s	100	1	4202
r	1144	735	10	10	0	0	70s	100	1	4203
r	1142	1006	10	10	0	0	70s	100	1	4202
r	1138	432	10	10	0	0	70s	100	1	4202
r	1138	351	10	10	0	0	70s	100	1	4205
r	1136	754	10	10	0	0	70s	100	1	4202
r	1134	1204	10	10	0	0	70s	100	1	4204
r	1133	629	10	10	0	0	70s	100	1	4204
r	1132	171	10	10	0	0	70s	100	1	4207
r	1131	245	10	10	0	0	70s	100	1	4205
r	1129	1115	10	10	0	0	70s	100	1	4204
r	1123	1191	10	10	0	0	70s	100	1	4205
r	1122	200	10	10	0	0	70s	100	1	4207
r	1120	179	10	10	0	0	70s	100	1	4206
r	1118	1297	10	10	0	0	70s	100	1	4201
r	1117	1126	10	10	0	0	70s	100	1	4204
r	1117	1232	10	10	0	0	70s	100	1	4205
r	1106	176	10	10	0	0	70s	100	1	4207
r	1106	567	10	10	0	0	70s	100	1	4202
r	1106	1008	10	10	0	0	70s	100	1	4202
r	1104	245	10	10	0	0	70s	100	1	4204
r	1104	361	10	10	0	0	70s	100	1	4204
r	1104	616	10	10	0	0	70s	100	1	4203
r	1099	626	10	10	0	0	70s	100	1	4202
r	1099	1201	10	10	0	0	70s	100	1	4205
r	1099	647	10	10	0	0	70s	100	1	4202
r	1098	1097	10	10	0	0	70s	100	1	4202
r	1097	933	10	10	0	0	70s	100	1	4202
r	1094	194	10	10	0	0	70s	100	1	4206
r	1092	900	10	10	0	0	70s	100	1	4203
r	1091	944	10	10	0	0	70s	100	1	4203
r	1089	154	10	10	0	0	70s	100	1	4207
r	1088	270	10	10	0	0	70s	100	1	4204
r	1087	662	10	10	0	0	70s	100	1	4203
r	1087	547	10	10	0	0	70s	100	1	4203
r	1086	1102	10	10	0	0	70s	100	1	4206
r	1086	598	10	10	0	0	70s	100	1	4203
r	1086	1123	10	10	0	0	70s	100	1	4206
r	1085	791	10	10	0	0	70s	100	1	4202
r	1085	923	10	10	0	0	70s	100	1	4202
r	1085	889	10	10	0	0	70s	100	1	4202
r	1085	851	10	10	0	0	70s	100	1	4202
r	1083	841	10	10	0	0	70s	100	1	4202
r	1082	629	10	10	0	0	70s	100	1	4203
r	1082	1212	10	10	0	0	70s	100	1	4206
r	1082	1184	10	10	0	0	70s	100	1	4206
r	1081	650	10	10	0	0	70s	100	1	4203
r	1080	442	10	10	0	0	70s	100	1	4206
r	1078	864	10	10	0	0	70s	100	1	4203
r	1078	730	10	10	0	0	70s	100	1	4203
r	1078	698	10	10	0	0	70s	100	1	4202
r	1078	719	10	10	0	0	70s	100	1	4203
r	1077	940	10	10	0	0	70s	100	1	4202
r	1076	800	10	10	0	0	70s	100	1	4203
r	1075	532	10	10	0	0	70s	100	1	4202
r	1075	671	10	10	0	0	70s	100	1	4202
r	1075	776	10	10	0	0	70s	100	1	4203
r	1074	1010	10	10	0	0	70s	100	1	4202
r	1073	899	10	10	0	0	70s	100	1	4202
r	1073	1118	10	10	0	0	70s	100	1	4202
r	1071	880	10	10	0	0	70s	100	1	4202
r	1071	1297	10	10	0	0	70s	100	1	4207
r	1071	598	10	10	0	0	70s	100	1	4203
r	1069	377	10	10	0	0	70s	100	1	4205
r	1068	625	10	10	0	0	70s	100	1	4203
r	1068	260	10	10	0	0	70s	100	1	4206
r	1066	492	10	10	0	0	70s	100	1	4203
r	1065	433	10	10	0	0	70s	100	1	4206
r	1064	1208	10	10	0	0	70s	100	1	4201
r	1064	349	10	10	0	0	70s	100	1	4203
r	1062	551	10	10	0	0	70s	100	1	4203
r	1060	525	10	10	0	0	70s	100	1	4203
r	1059	1013	10	10	0	0	70s	100	1	4202
r	1057	539	10	10	0	0	70s	100	1	4202
r	1056	514	10	10	0	0	70s	100	1	4203
r	1056	456	10	10	0	0	70s	100	1	4202
r	1054	251	10	10	0	0	70s	100	1	4206
r	1053	470	10	10	0	0	70s	100	1	4206
r	1053	176	10	10	0	0	70s	100	1	4207
r	1053	608	10	10	0	0	70s	100	1	4203
r	1047	349	10	10	0	0	70s	100	1	4203
r	1046	537	10	10	0	0	70s	100	1	4202
r	1042	333	10	10	0	0	70s	100	1	4203
r	1041	445	10	10	0	0	70s	100	1	4206
r	1038	360	10	10	0	0	70s	100	1	4203
r	1033	1000	10	10	0	0	70s	100	1	4202
r	1031	1122	10	10	0	0	70s	100	1	4204
r	1030	1016	10	10	0	0	70s	100	1	4202
r	1030	344	10	10	0	0	70s	100	1	4204
r	1027	1302	10	10	0	0	70s	100	1	4201
r	1027	921	10	10	0	0	70s	100	1	4203
r	1025	172	10	10	0	0	70s	100	1	4206
r	1024	252	10	10	0	0	70s	100	1	4206
r	1020	634	10	10	0	0	70s	100	1	4202
r	1019	1208	10	10	0	0	70s	100	1	4201
r	1016	372	10	10	0	0	70s	100	1	4203
r	1014	927	10	10	0	0	70s	100	1	4203
r	1012	530	10	10	0	0	70s	100	1	4202
r	1011	639	10	10	0	0	70s	100	1	4202
r	1008	659	10	10	0	0	70s	100	1	4201
r	1007	254	10	10	0	0	70s	100	1	4204
r	1006	620	10	10	0	0	70s	100	1	4201
r	1001	1118	10	10	0	0	70s	100	1	4204
r	1000	1212	10	10	0	0	70s	100	1	4201
r	1000	357	10	10	0	0	70s	100	1	4203
m	662	152	10	10	0	0	70s	100	1	4207
m	1092	152	10	10	0	0	70s	100	1	4208
m	1465	196	10	10	0	0	70s	100	1	4209
m	709	237	10	10	0	0	70s	100	1	4210
