r	187	542	10	10	0	0	70s	100	1	4030
r	222	555	10	10	0	0	70s	100	1	4030
r	239	557	10	10	0	0	70s	100	1	4030
r	234	521	10	10	0	0	70s	100	1	4030
r	227	504	10	10	0	0	70s	100	1	4030
r	243	486	10	10	0	0	70s	100	1	4030
r	230	470	10	10	0	0	70s	100	1	4030
r	242	450	10	10	0	0	70s	100	1	4030
r	229	432	10	10	0	0	70s	100	1	4030
r	239	401	10	10	0	0	70s	100	1	4030
r	228	383	10	10	0	0	70s	100	1	4030
r	243	368	10	10	0	0	70s	100	1	4030
r	228	340	10	10	0	0	70s	100	1	4030
r	239	316	10	10	0	0	70s	100	1	4030
r	231	292	10	10	0	0	70s	100	1	4030
r	251	243	10	10	0	0	70s	100	1	4030
r	240	233	10	10	0	0	70s	100	1	4030
r	221	210	10	10	0	0	70s	100	1	4030
r	236	184	10	10	0	0	70s	100	1	4030
r	260	180	10	10	0	0	70s	100	1	4030
r	266	206	10	10	0	0	70s	100	1	4030
r	266	227	10	10	0	0	70s	100	1	4030
r	237	209	10	10	0	0	70s	100	1	4030
r	209	180	10	10	0	0	70s	100	1	4030
r	203	229	10	10	0	0	70s	100	1	4030
r	207	243	10	10	0	0	70s	100	1	4030
r	227	243	10	10	0	0	70s	100	1	4030
r	220	226	10	10	0	0	70s	100	1	4030
r	202	197	10	10	0	0	70s	100	1	4030
r	296	207	10	10	0	0	70s	100	1	4030
r	352	208	10	10	0	0	70s	100	1	4030
r	386	196	10	10	0	0	70s	100	1	4030
r	402	169	10	10	0	0	70s	100	1	4030
r	423	174	10	10	0	0	70s	100	1	4030
r	431	208	10	10	0	0	70s	100	1	4030
r	420	235	10	10	0	0	70s	100	1	4030
r	381	231	10	10	0	0	70s	100	1	4030
r	373	217	10	10	0	0	70s	100	1	4030
r	367	188	10	10	0	0	70s	100	1	4030
r	384	172	10	10	0	0	70s	100	1	4030
r	409	195	10	10	0	0	70s	100	1	4030
r	393	227	10	10	0	0	70s	100	1	4030
r	402	210	10	10	0	0	70s	100	1	4030
r	198	610	10	10	0	0	70s	100	1	4030
r	222	596	10	10	0	0	70s	100	1	4030
r	242	612	10	10	0	0	70s	100	1	4030
r	277	599	10	10	0	0	70s	100	1	4030
r	294	611	10	10	0	0	70s	100	1	4030
r	308	589	10	10	0	0	70s	100	1	4030
r	300	565	10	10	0	0	70s	100	1	4030
r	292	531	10	10	0	0	70s	100	1	4030
r	298	504	10	10	0	0	70s	100	1	4030
r	294	469	10	10	0	0	70s	100	1	4030
r	312	442	10	10	0	0	70s	100	1	4030
r	298	415	10	10	0	0	70s	100	1	4030
r	306	383	10	10	0	0	70s	100	1	4030
r	295	373	10	10	0	0	70s	100	1	4030
r	295	344	10	10	0	0	70s	100	1	4030
r	292	318	10	10	0	0	70s	100	1	4030
r	316	302	10	10	0	0	70s	100	1	4030
r	329	313	10	10	0	0	70s	100	1	4030
r	347	301	10	10	0	0	70s	100	1	4030
r	359	315	10	10	0	0	70s	100	1	4030
r	391	303	10	10	0	0	70s	100	1	4030
r	401	311	10	10	0	0	70s	100	1	4030
r	428	303	10	10	0	0	70s	100	1	4030
r	437	313	10	10	0	0	70s	100	1	4030
r	457	309	10	10	0	0	70s	100	1	4030
r	470	316	10	10	0	0	70s	100	1	4030
r	490	304	10	10	0	0	70s	100	1	4030
r	511	321	10	10	0	0	70s	100	1	4030
r	528	320	10	10	0	0	70s	100	1	4030
r	557	288	10	10	0	0	70s	100	1	4030
r	581	288	10	10	0	0	70s	100	1	4030
r	575	323	10	10	0	0	70s	100	1	4030
r	528	282	10	10	0	0	70s	100	1	4030
r	617	308	10	10	0	0	70s	100	1	4030
r	658	302	10	10	0	0	70s	100	1	4030
r	688	302	10	10	0	0	70s	100	1	4030
r	709	332	10	10	0	0	70s	100	1	4030
r	726	332	10	10	0	0	70s	100	1	4030
r	709	397	10	10	0	0	70s	100	1	4030
r	706	418	10	10	0	0	70s	100	1	4030
r	724	436	10	10	0	0	70s	100	1	4030
r	712	477	10	10	0	0	70s	100	1	4030
r	712	498	10	10	0	0	70s	100	1	4030
r	706	531	10	10	0	0	70s	100	1	4030
r	709	546	10	10	0	0	70s	100	1	4030
r	703	578	10	10	0	0	70s	100	1	4030
r	709	596	10	10	0	0	70s	100	1	4030
r	703	623	10	10	0	0	70s	100	1	4030
r	709	635	10	10	0	0	70s	100	1	4030
r	709	658	10	10	0	0	70s	100	1	4030
r	721	673	10	10	0	0	70s	100	1	4030
r	709	706	10	10	0	0	70s	100	1	4030
r	715	735	10	10	0	0	70s	100	1	4030
r	700	768	10	10	0	0	70s	100	1	4030
r	718	833	10	10	0	0	70s	100	1	4030
r	718	872	10	10	0	0	70s	100	1	4030
r	632	854	10	10	0	0	70s	100	1	4030
r	587	854	10	10	0	0	70s	100	1	4030
r	557	854	10	10	0	0	70s	100	1	4030
r	546	812	10	10	0	0	70s	100	1	4030
r	540	756	10	10	0	0	70s	100	1	4030
r	540	709	10	10	0	0	70s	100	1	4030
r	546	673	10	10	0	0	70s	100	1	4030
r	552	638	10	10	0	0	70s	100	1	4030
r	566	614	10	10	0	0	70s	100	1	4030
r	614	614	10	10	0	0	70s	100	1	4030
r	626	614	10	10	0	0	70s	100	1	4030
r	638	667	10	10	0	0	70s	100	1	4030
r	635	715	10	10	0	0	70s	100	1	4030
r	493	206	10	10	0	0	70s	100	1	4030
r	537	199	10	10	0	0	70s	100	1	4030
r	553	212	10	10	0	0	70s	100	1	4030
r	589	196	10	10	0	0	70s	100	1	4030
r	607	209	10	10	0	0	70s	100	1	4030
r	639	201	10	10	0	0	70s	100	1	4030
r	667	197	10	10	0	0	70s	100	1	4030
r	690	218	10	10	0	0	70s	100	1	4030
r	716	207	10	10	0	0	70s	100	1	4030
r	745	193	10	10	0	0	70s	100	1	4030
r	773	209	10	10	0	0	70s	100	1	4030
r	766	234	10	10	0	0	70s	100	1	4030
r	776	264	10	10	0	0	70s	100	1	4030
r	766	279	10	10	0	0	70s	100	1	4030
r	774	311	10	10	0	0	70s	100	1	4030
r	766	344	10	10	0	0	70s	100	1	4030
r	784	357	10	10	0	0	70s	100	1	4030
r	829	361	10	10	0	0	70s	100	1	4030
r	833	343	10	10	0	0	70s	100	1	4030
r	830	329	10	10	0	0	70s	100	1	4030
r	834	294	10	10	0	0	70s	100	1	4030
r	827	255	10	10	0	0	70s	100	1	4030
r	838	229	10	10	0	0	70s	100	1	4030
r	831	202	10	10	0	0	70s	100	1	4030
r	833	176	10	10	0	0	70s	100	1	4030
r	826	144	10	10	0	0	70s	100	1	4030
r	806	108	10	10	0	0	70s	100	1	4030
r	821	73	10	10	0	0	70s	100	1	4030
r	848	68	10	10	0	0	70s	100	1	4030
r	858	105	10	10	0	0	70s	100	1	4030
r	845	130	10	10	0	0	70s	100	1	4030
r	829	100	10	10	0	0	70s	100	1	4030
r	931	112	10	10	0	0	70s	100	1	4030
r	965	98	10	10	0	0	70s	100	1	4030
r	981	114	10	10	0	0	70s	100	1	4030
r	1008	97	10	10	0	0	70s	100	1	4030
r	1025	111	10	10	0	0	70s	100	1	4030
r	1066	101	10	10	0	0	70s	100	1	4030
r	1090	116	10	10	0	0	70s	100	1	4030
r	1118	100	10	10	0	0	70s	100	1	4030
r	1176	119	10	10	0	0	70s	100	1	4030
r	1197	85	10	10	0	0	70s	100	1	4030
r	1232	78	10	10	0	0	70s	100	1	4030
r	1231	113	10	10	0	0	70s	100	1	4030
r	1214	128	10	10	0	0	70s	100	1	4030
r	1224	157	10	10	0	0	70s	100	1	4030
r	1212	195	10	10	0	0	70s	100	1	4030
r	1215	217	10	10	0	0	70s	100	1	4030
r	1201	234	10	10	0	0	70s	100	1	4030
r	1163	232	10	10	0	0	70s	100	1	4030
r	1136	245	10	10	0	0	70s	100	1	4030
r	1100	231	10	10	0	0	70s	100	1	4030
r	1074	249	10	10	0	0	70s	100	1	4030
r	1034	243	10	10	0	0	70s	100	1	4030
r	994	241	10	10	0	0	70s	100	1	4030
r	993	269	10	10	0	0	70s	100	1	4030
r	967	236	10	10	0	0	70s	100	1	4030
r	997	201	10	10	0	0	70s	100	1	4030
r	1018	212	10	10	0	0	70s	100	1	4030
r	973	277	10	10	0	0	70s	100	1	4030
r	1250	101	10	10	0	0	70s	100	1	4030
r	1202	99	10	10	0	0	70s	100	1	4030
r	1304	103	10	10	0	0	70s	100	1	4030
r	1355	100	10	10	0	0	70s	100	1	4030
r	1370	113	10	10	0	0	70s	100	1	4030
r	1400	106	10	10	0	0	70s	100	1	4030
r	1439	99	10	10	0	0	70s	100	1	4030
r	1461	112	10	10	0	0	70s	100	1	4030
r	1488	93	10	10	0	0	70s	100	1	4030
r	1494	76	10	10	0	0	70s	100	1	4030
r	1509	94	10	10	0	0	70s	100	1	4030
r	1508	123	10	10	0	0	70s	100	1	4030
r	1486	147	10	10	0	0	70s	100	1	4030
r	1465	130	10	10	0	0	70s	100	1	4030
r	1479	100	10	10	0	0	70s	100	1	4030
r	1451	75	10	10	0	0	70s	100	1	4030
r	1446	64	10	10	0	0	70s	100	1	4030
r	1442	141	10	10	0	0	70s	100	1	4030
r	1305	258	10	10	0	0	70s	100	1	4030
r	1300	225	10	10	0	0	70s	100	1	4030
r	1335	203	10	10	0	0	70s	100	1	4030
r	1348	237	10	10	0	0	70s	100	1	4030
r	1333	264	10	10	0	0	70s	100	1	4030
r	1318	240	10	10	0	0	70s	100	1	4030
r	1479	173	10	10	0	0	70s	100	1	4030
r	1482	198	10	10	0	0	70s	100	1	4030
r	1476	217	10	10	0	0	70s	100	1	4030
r	1487	243	10	10	0	0	70s	100	1	4030
r	1478	261	10	10	0	0	70s	100	1	4030
r	1487	282	10	10	0	0	70s	100	1	4030
r	1478	293	10	10	0	0	70s	100	1	4030
r	1489	310	10	10	0	0	70s	100	1	4030
r	1470	335	10	10	0	0	70s	100	1	4030
r	1480	358	10	10	0	0	70s	100	1	4030
r	1468	384	10	10	0	0	70s	100	1	4030
r	1489	405	10	10	0	0	70s	100	1	4030
r	1479	469	10	10	0	0	70s	100	1	4030
r	1485	508	10	10	0	0	70s	100	1	4030
r	1489	546	10	10	0	0	70s	100	1	4030
r	1505	520	10	10	0	0	70s	100	1	4030
r	1463	489	10	10	0	0	70s	100	1	4030
r	1458	526	10	10	0	0	70s	100	1	4030
r	1393	514	10	10	0	0	70s	100	1	4030
r	1365	524	10	10	0	0	70s	100	1	4030
r	1339	516	10	10	0	0	70s	100	1	4030
r	1312	482	10	10	0	0	70s	100	1	4030
r	1318	444	10	10	0	0	70s	100	1	4030
r	1318	410	10	10	0	0	70s	100	1	4030
r	1328	383	10	10	0	0	70s	100	1	4030
r	1306	357	10	10	0	0	70s	100	1	4030
r	1323	321	10	10	0	0	70s	100	1	4030
r	1311	292	10	10	0	0	70s	100	1	4030
r	891	352	10	10	0	0	70s	100	1	4030
r	931	349	10	10	0	0	70s	100	1	4030
r	976	350	10	10	0	0	70s	100	1	4030
r	1001	361	10	10	0	0	70s	100	1	4030
r	1049	337	10	10	0	0	70s	100	1	4030
r	1077	340	10	10	0	0	70s	100	1	4030
r	1078	364	10	10	0	0	70s	100	1	4030
r	1050	378	10	10	0	0	70s	100	1	4030
r	840	421	10	10	0	0	70s	100	1	4030
r	835	451	10	10	0	0	70s	100	1	4030
r	866	450	10	10	0	0	70s	100	1	4030
r	888	457	10	10	0	0	70s	100	1	4030
r	889	485	10	10	0	0	70s	100	1	4030
r	897	529	10	10	0	0	70s	100	1	4030
r	895	557	10	10	0	0	70s	100	1	4030
r	908	579	10	10	0	0	70s	100	1	4030
r	895	602	10	10	0	0	70s	100	1	4030
r	893	643	10	10	0	0	70s	100	1	4030
r	882	671	10	10	0	0	70s	100	1	4030
r	901	700	10	10	0	0	70s	100	1	4030
r	919	684	10	10	0	0	70s	100	1	4030
r	827	525	10	10	0	0	70s	100	1	4030
r	809	554	10	10	0	0	70s	100	1	4030
r	791	547	10	10	0	0	70s	100	1	4030
r	774	565	10	10	0	0	70s	100	1	4030
r	770	606	10	10	0	0	70s	100	1	4030
r	762	634	10	10	0	0	70s	100	1	4030
r	771	657	10	10	0	0	70s	100	1	4030
r	771	683	10	10	0	0	70s	100	1	4030
r	775	704	10	10	0	0	70s	100	1	4030
r	771	723	10	10	0	0	70s	100	1	4030
r	785	748	10	10	0	0	70s	100	1	4030
r	780	759	10	10	0	0	70s	100	1	4030
r	800	772	10	10	0	0	70s	100	1	4030
r	827	767	10	10	0	0	70s	100	1	4030
r	830	794	10	10	0	0	70s	100	1	4030
r	834	1028	10	10	0	0	70s	100	1	4030
r	824	999	10	10	0	0	70s	100	1	4030
r	841	978	10	10	0	0	70s	100	1	4030
r	824	958	10	10	0	0	70s	100	1	4030
r	832	936	10	10	0	0	70s	100	1	4030
r	818	914	10	10	0	0	70s	100	1	4030
r	836	900	10	10	0	0	70s	100	1	4030
r	826	866	10	10	0	0	70s	100	1	4030
r	833	841	10	10	0	0	70s	100	1	4030
r	600	971	10	10	0	0	70s	100	1	4030
r	633	959	10	10	0	0	70s	100	1	4030
r	645	967	10	10	0	0	70s	100	1	4030
r	676	956	10	10	0	0	70s	100	1	4030
r	700	969	10	10	0	0	70s	100	1	4030
r	729	957	10	10	0	0	70s	100	1	4030
r	753	974	10	10	0	0	70s	100	1	4030
r	734	1033	10	10	0	0	70s	100	1	4030
r	710	1033	10	10	0	0	70s	100	1	4030
r	696	1061	10	10	0	0	70s	100	1	4030
r	691	1089	10	10	0	0	70s	100	1	4030
r	699	1097	10	10	0	0	70s	100	1	4030
r	683	1121	10	10	0	0	70s	100	1	4030
r	698	1149	10	10	0	0	70s	100	1	4030
r	697	1178	10	10	0	0	70s	100	1	4030
r	668	1190	10	10	0	0	70s	100	1	4030
r	627	1187	10	10	0	0	70s	100	1	4030
r	603	1188	10	10	0	0	70s	100	1	4030
r	593	1158	10	10	0	0	70s	100	1	4030
r	596	1116	10	10	0	0	70s	100	1	4030
r	594	1071	10	10	0	0	70s	100	1	4030
r	600	1036	10	10	0	0	70s	100	1	4030
r	584	1001	10	10	0	0	70s	100	1	4030
r	192	680	10	10	0	0	70s	100	1	4031
r	218	669	10	10	0	0	70s	100	1	4031
r	244	687	10	10	0	0	70s	100	1	4031
r	275	670	10	10	0	0	70s	100	1	4031
r	301	687	10	10	0	0	70s	100	1	4031
r	334	665	10	10	0	0	70s	100	1	4031
r	369	681	10	10	0	0	70s	100	1	4031
r	390	668	10	10	0	0	70s	100	1	4031
r	407	681	10	10	0	0	70s	100	1	4031
r	413	653	10	10	0	0	70s	100	1	4031
r	408	630	10	10	0	0	70s	100	1	4031
r	416	614	10	10	0	0	70s	100	1	4031
r	411	592	10	10	0	0	70s	100	1	4031
r	419	586	10	10	0	0	70s	100	1	4031
r	415	557	10	10	0	0	70s	100	1	4031
r	422	533	10	10	0	0	70s	100	1	4031
r	410	514	10	10	0	0	70s	100	1	4031
r	419	491	10	10	0	0	70s	100	1	4031
r	407	470	10	10	0	0	70s	100	1	4031
r	409	436	10	10	0	0	70s	100	1	4031
r	391	436	10	10	0	0	70s	100	1	4031
r	389	395	10	10	0	0	70s	100	1	4031
r	411	381	10	10	0	0	70s	100	1	4031
r	434	397	10	10	0	0	70s	100	1	4031
r	437	433	10	10	0	0	70s	100	1	4031
r	449	446	10	10	0	0	70s	100	1	4031
r	450	411	10	10	0	0	70s	100	1	4031
r	409	410	10	10	0	0	70s	100	1	4031
r	211	736	10	10	0	0	70s	100	1	4031
r	261	727	10	10	0	0	70s	100	1	4031
r	287	737	10	10	0	0	70s	100	1	4031
r	317	730	10	10	0	0	70s	100	1	4031
r	338	738	10	10	0	0	70s	100	1	4031
r	374	727	10	10	0	0	70s	100	1	4031
r	400	732	10	10	0	0	70s	100	1	4031
r	437	724	10	10	0	0	70s	100	1	4031
r	451	735	10	10	0	0	70s	100	1	4031
r	463	766	10	10	0	0	70s	100	1	4031
r	457	794	10	10	0	0	70s	100	1	4031
r	467	821	10	10	0	0	70s	100	1	4031
r	460	844	10	10	0	0	70s	100	1	4031
r	460	878	10	10	0	0	70s	100	1	4031
r	464	892	10	10	0	0	70s	100	1	4031
r	471	916	10	10	0	0	70s	100	1	4031
r	461	944	10	10	0	0	70s	100	1	4031
r	468	969	10	10	0	0	70s	100	1	4031
r	325	756	10	10	0	0	70s	100	1	4031
r	325	777	10	10	0	0	70s	100	1	4031
r	338	798	10	10	0	0	70s	100	1	4031
r	326	814	10	10	0	0	70s	100	1	4031
r	331	843	10	10	0	0	70s	100	1	4031
r	322	856	10	10	0	0	70s	100	1	4031
r	329	869	10	10	0	0	70s	100	1	4031
r	316	894	10	10	0	0	70s	100	1	4031
r	329	907	10	10	0	0	70s	100	1	4031
r	320	930	10	10	0	0	70s	100	1	4031
r	329	953	10	10	0	0	70s	100	1	4031
r	462	993	10	10	0	0	70s	100	1	4031
r	486	1006	10	10	0	0	70s	100	1	4031
r	487	1038	10	10	0	0	70s	100	1	4031
r	459	1032	10	10	0	0	70s	100	1	4031
r	439	990	10	10	0	0	70s	100	1	4031
r	436	1048	10	10	0	0	70s	100	1	4031
r	474	1061	10	10	0	0	70s	100	1	4031
r	444	1020	10	10	0	0	70s	100	1	4031
r	347	1025	10	10	0	0	70s	100	1	4031
r	318	1027	10	10	0	0	70s	100	1	4031
r	173	1049	10	10	0	0	70s	100	1	4031
r	193	1010	10	10	0	0	70s	100	1	4031
r	186	997	10	10	0	0	70s	100	1	4031
r	227	1007	10	10	0	0	70s	100	1	4031
r	224	1041	10	10	0	0	70s	100	1	4031
r	192	1047	10	10	0	0	70s	100	1	4031
r	138	1024	10	10	0	0	70s	100	1	4031
r	101	1030	10	10	0	0	70s	100	1	4031
r	77	1023	10	10	0	0	70s	100	1	4031
r	72	993	10	10	0	0	70s	100	1	4031
r	61	957	10	10	0	0	70s	100	1	4031
r	64	923	10	10	0	0	70s	100	1	4031
r	58	893	10	10	0	0	70s	100	1	4031
r	67	871	10	10	0	0	70s	100	1	4031
r	88	882	10	10	0	0	70s	100	1	4031
r	124	869	10	10	0	0	70s	100	1	4031
r	147	875	10	10	0	0	70s	100	1	4031
r	190	865	10	10	0	0	70s	100	1	4031
r	217	851	10	10	0	0	70s	100	1	4031
r	230	883	10	10	0	0	70s	100	1	4031
r	200	901	10	10	0	0	70s	100	1	4031
r	171	870	10	10	0	0	70s	100	1	4031
r	172	848	10	10	0	0	70s	100	1	4031
r	182	915	10	10	0	0	70s	100	1	4031
r	198	1109	10	10	0	0	70s	100	1	4031
r	201	1142	10	10	0	0	70s	100	1	4031
r	187	1161	10	10	0	0	70s	100	1	4031
r	217	1183	10	10	0	0	70s	100	1	4031
r	208	1205	10	10	0	0	70s	100	1	4031
r	183	1204	10	10	0	0	70s	100	1	4031
r	173	1169	10	10	0	0	70s	100	1	4031
r	60	1053	10	10	0	0	70s	100	1	4031
r	73	1075	10	10	0	0	70s	100	1	4031
r	61	1105	10	10	0	0	70s	100	1	4031
r	71	1135	10	10	0	0	70s	100	1	4031
r	61	1160	10	10	0	0	70s	100	1	4031
r	75	1180	10	10	0	0	70s	100	1	4031
r	56	1216	10	10	0	0	70s	100	1	4031
r	67	1237	10	10	0	0	70s	100	1	4031
r	59	1261	10	10	0	0	70s	100	1	4031
r	75	1288	10	10	0	0	70s	100	1	4031
r	62	1322	10	10	0	0	70s	100	1	4031
r	36	1316	10	10	0	0	70s	100	1	4031
r	45	1344	10	10	0	0	70s	100	1	4031
r	90	1361	10	10	0	0	70s	100	1	4031
r	79	1307	10	10	0	0	70s	100	1	4031
r	83	1302	10	10	0	0	70s	100	1	4031
r	66	1360	10	10	0	0	70s	100	1	4031
r	89	1331	10	10	0	0	70s	100	1	4031
r	113	1326	10	10	0	0	70s	100	1	4031
r	45	1363	10	10	0	0	70s	100	1	4031
r	70	1332	10	10	0	0	70s	100	1	4031
r	37	1298	10	10	0	0	70s	100	1	4031
r	80	1340	10	10	0	0	70s	100	1	4031
r	63	1300	10	10	0	0	70s	100	1	4031
r	139	1341	10	10	0	0	70s	100	1	4031
r	172	1323	10	10	0	0	70s	100	1	4031
r	195	1345	10	10	0	0	70s	100	1	4031
r	224	1325	10	10	0	0	70s	100	1	4031
r	239	1346	10	10	0	0	70s	100	1	4031
r	261	1325	10	10	0	0	70s	100	1	4031
r	281	1340	10	10	0	0	70s	100	1	4031
r	299	1328	10	10	0	0	70s	100	1	4031
r	321	1346	10	10	0	0	70s	100	1	4031
r	339	1317	10	10	0	0	70s	100	1	4031
r	366	1300	10	10	0	0	70s	100	1	4031
r	382	1313	10	10	0	0	70s	100	1	4031
r	393	1328	10	10	0	0	70s	100	1	4031
r	392	1356	10	10	0	0	70s	100	1	4031
r	352	1363	10	10	0	0	70s	100	1	4031
r	349	1327	10	10	0	0	70s	100	1	4031
r	369	1339	10	10	0	0	70s	100	1	4031
r	451	1162	10	10	0	0	70s	100	1	4031
r	479	1158	10	10	0	0	70s	100	1	4031
r	494	1195	10	10	0	0	70s	100	1	4031
r	450	1218	10	10	0	0	70s	100	1	4031
r	440	1189	10	10	0	0	70s	100	1	4031
r	201	1171	10	10	0	0	70s	100	1	4031
r	189	1187	10	10	0	0	70s	100	1	4031
r	224	1158	10	10	0	0	70s	100	1	4031
r	466	1341	10	10	0	0	70s	100	1	4031
r	506	1332	10	10	0	0	70s	100	1	4031
r	521	1345	10	10	0	0	70s	100	1	4031
r	554	1330	10	10	0	0	70s	100	1	4031
r	583	1338	10	10	0	0	70s	100	1	4031
r	602	1336	10	10	0	0	70s	100	1	4031
r	642	1326	10	10	0	0	70s	100	1	4031
r	649	1341	10	10	0	0	70s	100	1	4031
r	673	1326	10	10	0	0	70s	100	1	4031
r	715	1337	10	10	0	0	70s	100	1	4031
r	729	1325	10	10	0	0	70s	100	1	4031
r	747	1353	10	10	0	0	70s	100	1	4031
r	779	1357	10	10	0	0	70s	100	1	4031
r	793	1364	10	10	0	0	70s	100	1	4031
r	798	1329	10	10	0	0	70s	100	1	4031
r	763	1325	10	10	0	0	70s	100	1	4031
r	760	1304	10	10	0	0	70s	100	1	4031
r	775	1283	10	10	0	0	70s	100	1	4031
r	770	1254	10	10	0	0	70s	100	1	4031
r	776	1215	10	10	0	0	70s	100	1	4031
r	772	1174	10	10	0	0	70s	100	1	4031
r	781	1135	10	10	0	0	70s	100	1	4031
r	867	709	10	10	0	0	70s	100	1	4032
r	898	668	10	10	0	0	70s	100	1	4032
r	916	652	10	10	0	0	70s	100	1	4032
r	858	647	10	10	0	0	70s	100	1	4032
r	891	751	10	10	0	0	70s	100	1	4032
r	904	783	10	10	0	0	70s	100	1	4032
r	894	805	10	10	0	0	70s	100	1	4032
r	902	833	10	10	0	0	70s	100	1	4032
r	890	862	10	10	0	0	70s	100	1	4032
r	903	882	10	10	0	0	70s	100	1	4032
r	890	909	10	10	0	0	70s	100	1	4032
r	897	934	10	10	0	0	70s	100	1	4032
r	890	957	10	10	0	0	70s	100	1	4032
r	898	980	10	10	0	0	70s	100	1	4032
r	893	1001	10	10	0	0	70s	100	1	4032
r	901	1019	10	10	0	0	70s	100	1	4032
r	938	1022	10	10	0	0	70s	100	1	4032
r	954	1037	10	10	0	0	70s	100	1	4032
r	951	1069	10	10	0	0	70s	100	1	4032
r	817	1142	10	10	0	0	70s	100	1	4032
r	845	1136	10	10	0	0	70s	100	1	4032
r	858	1160	10	10	0	0	70s	100	1	4032
r	890	1142	10	10	0	0	70s	100	1	4032
r	893	1187	10	10	0	0	70s	100	1	4032
r	891	1224	10	10	0	0	70s	100	1	4032
r	892	1246	10	10	0	0	70s	100	1	4032
r	883	1284	10	10	0	0	70s	100	1	4032
r	899	1307	10	10	0	0	70s	100	1	4032
r	885	1337	10	10	0	0	70s	100	1	4032
r	881	1361	10	10	0	0	70s	100	1	4032
r	852	1341	10	10	0	0	70s	100	1	4032
r	857	1303	10	10	0	0	70s	100	1	4032
r	909	1345	10	10	0	0	70s	100	1	4032
r	922	1309	10	10	0	0	70s	100	1	4032
r	927	1292	10	10	0	0	70s	100	1	4032
r	928	1341	10	10	0	0	70s	100	1	4032
r	966	1332	10	10	0	0	70s	100	1	4032
r	990	1335	10	10	0	0	70s	100	1	4032
r	1019	1330	10	10	0	0	70s	100	1	4032
r	1055	1338	10	10	0	0	70s	100	1	4032
r	1086	1335	10	10	0	0	70s	100	1	4032
r	1107	1338	10	10	0	0	70s	100	1	4032
r	1107	1306	10	10	0	0	70s	100	1	4032
r	1105	1284	10	10	0	0	70s	100	1	4032
r	1106	1256	10	10	0	0	70s	100	1	4032
r	1111	1232	10	10	0	0	70s	100	1	4032
r	1111	1204	10	10	0	0	70s	100	1	4032
r	1111	1173	10	10	0	0	70s	100	1	4032
r	1111	1151	10	10	0	0	70s	100	1	4032
r	1118	1133	10	10	0	0	70s	100	1	4032
r	1119	1194	10	10	0	0	70s	100	1	4032
r	1126	1226	10	10	0	0	70s	100	1	4032
r	1126	1269	10	10	0	0	70s	100	1	4032
r	1125	1313	10	10	0	0	70s	100	1	4032
r	1109	1100	10	10	0	0	70s	100	1	4032
r	1108	1054	10	10	0	0	70s	100	1	4032
r	1115	1025	10	10	0	0	70s	100	1	4032
r	1119	996	10	10	0	0	70s	100	1	4032
r	1110	968	10	10	0	0	70s	100	1	4032
r	1108	945	10	10	0	0	70s	100	1	4032
r	1118	922	10	10	0	0	70s	100	1	4032
r	1120	902	10	10	0	0	70s	100	1	4032
r	1111	873	10	10	0	0	70s	100	1	4032
r	1092	849	10	10	0	0	70s	100	1	4032
r	1091	814	10	10	0	0	70s	100	1	4032
r	1115	793	10	10	0	0	70s	100	1	4032
r	1146	805	10	10	0	0	70s	100	1	4032
r	1152	844	10	10	0	0	70s	100	1	4032
r	1137	857	10	10	0	0	70s	100	1	4032
r	1117	827	10	10	0	0	70s	100	1	4032
r	1112	811	10	10	0	0	70s	100	1	4032
r	1109	843	10	10	0	0	70s	100	1	4032
r	1132	827	10	10	0	0	70s	100	1	4032
r	1113	749	10	10	0	0	70s	100	1	4032
r	1111	714	10	10	0	0	70s	100	1	4032
r	1116	691	10	10	0	0	70s	100	1	4032
r	1103	669	10	10	0	0	70s	100	1	4032
r	1110	646	10	10	0	0	70s	100	1	4032
r	1104	622	10	10	0	0	70s	100	1	4032
r	1115	606	10	10	0	0	70s	100	1	4032
r	1073	607	10	10	0	0	70s	100	1	4032
r	1058	605	10	10	0	0	70s	100	1	4032
r	1052	575	10	10	0	0	70s	100	1	4032
r	1055	553	10	10	0	0	70s	100	1	4032
r	1049	540	10	10	0	0	70s	100	1	4032
r	1057	517	10	10	0	0	70s	100	1	4032
r	1050	490	10	10	0	0	70s	100	1	4032
r	1053	468	10	10	0	0	70s	100	1	4032
r	1053	427	10	10	0	0	70s	100	1	4032
r	1065	394	10	10	0	0	70s	100	1	4032
r	1031	329	10	10	0	0	70s	100	1	4032
r	1027	355	10	10	0	0	70s	100	1	4032
r	1051	357	10	10	0	0	70s	100	1	4032
r	1069	322	10	10	0	0	70s	100	1	4032
r	1023	387	10	10	0	0	70s	100	1	4032
r	1056	360	10	10	0	0	70s	100	1	4032
r	1081	385	10	10	0	0	70s	100	1	4032
r	1137	360	10	10	0	0	70s	100	1	4032
r	1164	349	10	10	0	0	70s	100	1	4032
r	1178	372	10	10	0	0	70s	100	1	4032
r	1207	352	10	10	0	0	70s	100	1	4032
r	1218	378	10	10	0	0	70s	100	1	4032
r	1214	399	10	10	0	0	70s	100	1	4032
r	1224	427	10	10	0	0	70s	100	1	4032
r	1215	441	10	10	0	0	70s	100	1	4032
r	1232	467	10	10	0	0	70s	100	1	4032
r	1220	484	10	10	0	0	70s	100	1	4032
r	1228	517	10	10	0	0	70s	100	1	4032
r	1214	523	10	10	0	0	70s	100	1	4032
r	1232	549	10	10	0	0	70s	100	1	4032
r	1217	570	10	10	0	0	70s	100	1	4032
r	1224	594	10	10	0	0	70s	100	1	4032
r	1203	623	10	10	0	0	70s	100	1	4032
r	1221	651	10	10	0	0	70s	100	1	4032
r	1204	685	10	10	0	0	70s	100	1	4032
r	1188	653	10	10	0	0	70s	100	1	4032
r	1229	638	10	10	0	0	70s	100	1	4032
r	1249	657	10	10	0	0	70s	100	1	4032
r	1238	686	10	10	0	0	70s	100	1	4032
r	1223	701	10	10	0	0	70s	100	1	4032
r	1207	706	10	10	0	0	70s	100	1	4032
r	1184	683	10	10	0	0	70s	100	1	4032
r	1202	664	10	10	0	0	70s	100	1	4032
r	1228	671	10	10	0	0	70s	100	1	4032
r	1213	731	10	10	0	0	70s	100	1	4032
r	1223	745	10	10	0	0	70s	100	1	4032
r	1218	764	10	10	0	0	70s	100	1	4032
r	1231	793	10	10	0	0	70s	100	1	4032
r	1218	815	10	10	0	0	70s	100	1	4032
r	1230	849	10	10	0	0	70s	100	1	4032
r	1218	876	10	10	0	0	70s	100	1	4032
r	1225	909	10	10	0	0	70s	100	1	4032
r	1213	943	10	10	0	0	70s	100	1	4032
r	1211	971	10	10	0	0	70s	100	1	4032
r	1193	993	10	10	0	0	70s	100	1	4032
r	1189	948	10	10	0	0	70s	100	1	4032
r	1197	927	10	10	0	0	70s	100	1	4032
r	1237	973	10	10	0	0	70s	100	1	4032
r	1273	965	10	10	0	0	70s	100	1	4032
r	1298	972	10	10	0	0	70s	100	1	4032
r	1342	965	10	10	0	0	70s	100	1	4032
r	1373	965	10	10	0	0	70s	100	1	4032
r	1293	956	10	10	0	0	70s	100	1	4032
r	1231	927	10	10	0	0	70s	100	1	4032
r	1249	936	10	10	0	0	70s	100	1	4032
r	1245	1000	10	10	0	0	70s	100	1	4032
r	1223	951	10	10	0	0	70s	100	1	4032
r	1217	1002	10	10	0	0	70s	100	1	4032
r	1416	964	10	10	0	0	70s	100	1	4032
r	1434	961	10	10	0	0	70s	100	1	4032
r	1455	979	10	10	0	0	70s	100	1	4032
r	1471	935	10	10	0	0	70s	100	1	4032
r	1514	932	10	10	0	0	70s	100	1	4032
r	1505	981	10	10	0	0	70s	100	1	4032
r	1481	1013	10	10	0	0	70s	100	1	4032
r	1480	954	10	10	0	0	70s	100	1	4032
r	1491	973	10	10	0	0	70s	100	1	4032
r	1467	986	10	10	0	0	70s	100	1	4032
r	1456	946	10	10	0	0	70s	100	1	4032
r	1483	902	10	10	0	0	70s	100	1	4032
r	1475	863	10	10	0	0	70s	100	1	4032
r	1477	842	10	10	0	0	70s	100	1	4032
r	1472	834	10	10	0	0	70s	100	1	4032
r	1482	825	10	10	0	0	70s	100	1	4032
r	1475	788	10	10	0	0	70s	100	1	4032
r	1471	768	10	10	0	0	70s	100	1	4032
r	1480	753	10	10	0	0	70s	100	1	4032
r	1484	748	10	10	0	0	70s	100	1	4032
r	1481	701	10	10	0	0	70s	100	1	4032
r	1473	684	10	10	0	0	70s	100	1	4032
r	1482	657	10	10	0	0	70s	100	1	4032
r	1476	633	10	10	0	0	70s	100	1	4032
r	1479	617	10	10	0	0	70s	100	1	4032
r	1477	574	10	10	0	0	70s	100	1	4032
r	1466	547	10	10	0	0	70s	100	1	4032
r	1449	547	10	10	0	0	70s	100	1	4032
r	1449	517	10	10	0	0	70s	100	1	4032
r	1490	485	10	10	0	0	70s	100	1	4032
r	1513	484	10	10	0	0	70s	100	1	4032
r	1513	563	10	10	0	0	70s	100	1	4032
r	1498	526	10	10	0	0	70s	100	1	4032
r	1482	523	10	10	0	0	70s	100	1	4032
r	1478	427	10	10	0	0	70s	100	1	4032
r	1482	384	10	10	0	0	70s	100	1	4032
r	1490	375	10	10	0	0	70s	100	1	4032
r	1487	330	10	10	0	0	70s	100	1	4032
r	1481	313	10	10	0	0	70s	100	1	4032
r	1444	244	10	10	0	0	70s	100	1	4032
r	1422	237	10	10	0	0	70s	100	1	4032
r	1410	225	10	10	0	0	70s	100	1	4032
r	1382	235	10	10	0	0	70s	100	1	4032
r	1365	227	10	10	0	0	70s	100	1	4032
r	1340	223	10	10	0	0	70s	100	1	4032
r	1305	208	10	10	0	0	70s	100	1	4032
r	1295	220	10	10	0	0	70s	100	1	4032
r	1304	255	10	10	0	0	70s	100	1	4032
r	1320	272	10	10	0	0	70s	100	1	4032
r	1319	250	10	10	0	0	70s	100	1	4032
r	1287	241	10	10	0	0	70s	100	1	4032
r	1217	133	10	10	0	0	70s	100	1	4032
r	1193	120	10	10	0	0	70s	100	1	4032
r	1212	74	10	10	0	0	70s	100	1	4032
r	1463	78	10	10	0	0	70s	100	1	4032
r	1510	69	10	10	0	0	70s	100	1	4032
r	1088	350	10	10	0	0	70s	100	1	4032
r	922	717	10	10	0	0	70s	100	1	4032
r	874	683	10	10	0	0	70s	100	1	4032
r	856	664	10	10	0	0	70s	100	1	4032
r	991	681	10	10	0	0	70s	100	1	4032
r	1014	678	10	10	0	0	70s	100	1	4032
r	1020	706	10	10	0	0	70s	100	1	4032
r	1029	726	10	10	0	0	70s	100	1	4032
r	1027	755	10	10	0	0	70s	100	1	4032
r	1020	773	10	10	0	0	70s	100	1	4032
r	983	766	10	10	0	0	70s	100	1	4032
r	959	790	10	10	0	0	70s	100	1	4032
r	974	805	10	10	0	0	70s	100	1	4032
r	961	833	10	10	0	0	70s	100	1	4032
r	967	852	10	10	0	0	70s	100	1	4032
r	962	870	10	10	0	0	70s	100	1	4032
r	973	887	10	10	0	0	70s	100	1	4032
r	960	898	10	10	0	0	70s	100	1	4032
r	972	918	10	10	0	0	70s	100	1	4032
r	994	920	10	10	0	0	70s	100	1	4032
r	1023	934	10	10	0	0	70s	100	1	4032
r	1030	951	10	10	0	0	70s	100	1	4032
r	1018	980	10	10	0	0	70s	100	1	4032
r	1026	999	10	10	0	0	70s	100	1	4032
r	1021	1013	10	10	0	0	70s	100	1	4032
r	1030	1045	10	10	0	0	70s	100	1	4032
r	1024	1067	10	10	0	0	70s	100	1	4032
r	1033	1089	10	10	0	0	70s	100	1	4032
r	1024	1103	10	10	0	0	70s	100	1	4032
r	1015	1141	10	10	0	0	70s	100	1	4032
r	1014	1044	10	10	0	0	70s	100	1	4032
r	1030	1022	10	10	0	0	70s	100	1	4032
r	1120	1090	10	10	0	0	70s	100	1	4032
r	1117	1057	10	10	0	0	70s	100	1	4032
r	1105	1007	10	10	0	0	70s	100	1	4032
r	1118	970	10	10	0	0	70s	100	1	4032
r	1468	1312	10	10	0	0	70s	100	1	4032
r	1492	1316	10	10	0	0	70s	100	1	4032
r	1502	1342	10	10	0	0	70s	100	1	4032
r	1484	1369	10	10	0	0	70s	100	1	4032
r	1454	1346	10	10	0	0	70s	100	1	4032
r	1462	1323	10	10	0	0	70s	100	1	4032
r	1456	1361	10	10	0	0	70s	100	1	4032
r	1480	1372	10	10	0	0	70s	100	1	4032
r	1480	1339	10	10	0	0	70s	100	1	4032
r	1477	1326	10	10	0	0	70s	100	1	4032
r	1484	1290	10	10	0	0	70s	100	1	4032
r	1481	1243	10	10	0	0	70s	100	1	4032
r	1478	1211	10	10	0	0	70s	100	1	4032
r	1478	1186	10	10	0	0	70s	100	1	4032
r	1476	1156	10	10	0	0	70s	100	1	4032
r	1468	1139	10	10	0	0	70s	100	1	4032
r	1477	1119	10	10	0	0	70s	100	1	4032
r	1476	1079	10	10	0	0	70s	100	1	4032
r	1481	1117	10	10	0	0	70s	100	1	4032
r	1480	1095	10	10	0	0	70s	100	1	4032
r	1481	1060	10	10	0	0	70s	100	1	4032
r	1513	1001	10	10	0	0	70s	100	1	4032
r	1512	952	10	10	0	0	70s	100	1	4032
r	1496	936	10	10	0	0	70s	100	1	4032
r	1509	1383	10	10	0	0	70s	100	1	4032
r	1504	1351	10	10	0	0	70s	100	1	4032
r	1454	1385	10	10	0	0	70s	100	1	4032
r	1473	1352	10	10	0	0	70s	100	1	4032
r	999	1172	10	10	0	0	70s	100	1	4032
r	1041	1174	10	10	0	0	70s	100	1	4032
r	1054	1190	10	10	0	0	70s	100	1	4032
r	1045	1211	10	10	0	0	70s	100	1	4032
r	1006	1194	10	10	0	0	70s	100	1	4032
r	1002	1235	10	10	0	0	70s	100	1	4032
r	1033	1239	10	10	0	0	70s	100	1	4032
r	1062	1241	10	10	0	0	70s	100	1	4032
r	916	1371	10	10	0	0	70s	100	1	4032
r	898	1319	10	10	0	0	70s	100	1	4032
r	789	1306	10	10	0	0	70s	100	1	4032
r	778	1344	10	10	0	0	70s	100	1	4032
r	747	1373	10	10	0	0	70s	100	1	4032
r	353	1185	10	10	0	0	70s	100	1	4032
r	461	1192	10	10	0	0	70s	100	1	4032
r	489	1212	10	10	0	0	70s	100	1	4032
r	371	1178	10	10	0	0	70s	100	1	4032
r	410	1187	10	10	0	0	70s	100	1	4032
r	418	1175	10	10	0	0	70s	100	1	4032
r	429	1155	10	10	0	0	70s	100	1	4032
r	570	1184	10	10	0	0	70s	100	1	4032
r	527	1189	10	10	0	0	70s	100	1	4032
r	407	1022	10	10	0	0	70s	100	1	4032
r	592	1096	10	10	0	0	70s	100	1	4033
r	591	1045	10	10	0	0	70s	100	1	4033
r	602	1003	10	10	0	0	70s	100	1	4033
r	586	975	10	10	0	0	70s	100	1	4033
r	477	1180	10	10	0	0	70s	100	1	4033
r	464	1129	10	10	0	0	70s	100	1	4033
r	467	1081	10	10	0	0	70s	100	1	4033
r	455	1051	10	10	0	0	70s	100	1	4033
r	477	1020	10	10	0	0	70s	100	1	4033
r	229	1204	10	10	0	0	70s	100	1	4033
r	236	1184	10	10	0	0	70s	100	1	4033
r	160	1214	10	10	0	0	70s	100	1	4033
r	165	1187	10	10	0	0	70s	100	1	4033
r	202	1062	10	10	0	0	70s	100	1	4033
r	173	1030	10	10	0	0	70s	100	1	4033
r	161	995	10	10	0	0	70s	100	1	4033
r	212	990	10	10	0	0	70s	100	1	4033
r	231	991	10	10	0	0	70s	100	1	4033
r	215	1020	10	10	0	0	70s	100	1	4033
r	180	894	10	10	0	0	70s	100	1	4033
r	207	886	10	10	0	0	70s	100	1	4033
r	302	479	10	10	0	0	70s	100	1	4033
r	291	446	10	10	0	0	70s	100	1	4033
r	240	416	10	10	0	0	70s	100	1	4033
r	226	353	10	10	0	0	70s	100	1	4033
r	376	416	10	10	0	0	70s	100	1	4033
r	415	399	10	10	0	0	70s	100	1	4033
r	426	549	10	10	0	0	70s	100	1	4033
r	430	453	10	10	0	0	70s	100	1	4033
r	430	409	10	10	0	0	70s	100	1	4033
r	258	197	10	10	0	0	70s	100	1	4033
r	223	171	10	10	0	0	70s	100	1	4033
r	425	182	10	10	0	0	70s	100	1	4033
r	407	241	10	10	0	0	70s	100	1	4033
r	432	231	10	10	0	0	70s	100	1	4033
r	543	386	10	10	0	0	70s	100	1	4033
r	553	414	10	10	0	0	70s	100	1	4033
r	544	445	10	10	0	0	70s	100	1	4033
r	554	461	10	10	0	0	70s	100	1	4033
r	545	496	10	10	0	0	70s	100	1	4033
r	547	517	10	10	0	0	70s	100	1	4033
r	561	530	10	10	0	0	70s	100	1	4033
r	591	524	10	10	0	0	70s	100	1	4033
r	609	533	10	10	0	0	70s	100	1	4033
r	634	530	10	10	0	0	70s	100	1	4033
r	639	504	10	10	0	0	70s	100	1	4033
r	638	483	10	10	0	0	70s	100	1	4033
r	641	460	10	10	0	0	70s	100	1	4033
r	637	444	10	10	0	0	70s	100	1	4033
r	642	427	10	10	0	0	70s	100	1	4033
r	643	406	10	10	0	0	70s	100	1	4033
r	651	493	10	10	0	0	70s	100	1	4033
r	649	522	10	10	0	0	70s	100	1	4033
r	574	542	10	10	0	0	70s	100	1	4033
r	558	509	10	10	0	0	70s	100	1	4033
r	558	475	10	10	0	0	70s	100	1	4033
r	544	475	10	10	0	0	70s	100	1	4033
r	547	429	10	10	0	0	70s	100	1	4033
r	545	370	10	10	0	0	70s	100	1	4033
r	551	348	10	10	0	0	70s	100	1	4033
r	541	326	10	10	0	0	70s	100	1	4033
r	555	297	10	10	0	0	70s	100	1	4033
r	568	309	10	10	0	0	70s	100	1	4033
r	567	348	10	10	0	0	70s	100	1	4033
r	666	318	10	10	0	0	70s	100	1	4033
r	707	309	10	10	0	0	70s	100	1	4033
r	721	317	10	10	0	0	70s	100	1	4033
r	719	353	10	10	0	0	70s	100	1	4033
r	717	376	10	10	0	0	70s	100	1	4033
r	880	704	10	10	0	0	70s	100	1	4033
r	900	708	10	10	0	0	70s	100	1	4033
r	882	775	10	10	0	0	70s	100	1	4033
r	889	804	10	10	0	0	70s	100	1	4033
r	888	837	10	10	0	0	70s	100	1	4033
r	822	811	10	10	0	0	70s	100	1	4033
r	783	772	10	10	0	0	70s	100	1	4033
r	762	766	10	10	0	0	70s	100	1	4033
r	776	641	10	10	0	0	70s	100	1	4033
r	776	613	10	10	0	0	70s	100	1	4033
r	772	585	10	10	0	0	70s	100	1	4033
r	828	547	10	10	0	0	70s	100	1	4033
r	835	487	10	10	0	0	70s	100	1	4033
r	835	458	10	10	0	0	70s	100	1	4033
r	717	690	10	10	0	0	70s	100	1	4033
r	718	719	10	10	0	0	70s	100	1	4033
r	710	748	10	10	0	0	70s	100	1	4033
r	712	783	10	10	0	0	70s	100	1	4033
r	715	808	10	10	0	0	70s	100	1	4033
r	720	827	10	10	0	0	70s	100	1	4033
r	714	850	10	10	0	0	70s	100	1	4033
r	700	874	10	10	0	0	70s	100	1	4033
r	681	880	10	10	0	0	70s	100	1	4033
r	681	849	10	10	0	0	70s	100	1	4033
r	686	827	10	10	0	0	70s	100	1	4033
r	747	842	10	10	0	0	70s	100	1	4033
r	745	872	10	10	0	0	70s	100	1	4033
r	734	888	10	10	0	0	70s	100	1	4033
r	700	890	10	10	0	0	70s	100	1	4033
r	696	861	10	10	0	0	70s	100	1	4033
r	658	865	10	10	0	0	70s	100	1	4033
r	609	864	10	10	0	0	70s	100	1	4033
r	566	869	10	10	0	0	70s	100	1	4033
r	1354	991	10	10	0	0	70s	100	1	4033
r	1351	1005	10	10	0	0	70s	100	1	4033
r	1362	1032	10	10	0	0	70s	100	1	4033
r	1339	1048	10	10	0	0	70s	100	1	4033
r	1353	1068	10	10	0	0	70s	100	1	4033
r	1347	1083	10	10	0	0	70s	100	1	4033
r	1332	1070	10	10	0	0	70s	100	1	4033
r	1320	1088	10	10	0	0	70s	100	1	4033
r	1304	1077	10	10	0	0	70s	100	1	4033
r	1282	1091	10	10	0	0	70s	100	1	4033
r	1266	1079	10	10	0	0	70s	100	1	4033
r	1246	1093	10	10	0	0	70s	100	1	4033
r	1231	1078	10	10	0	0	70s	100	1	4033
r	1211	1093	10	10	0	0	70s	100	1	4033
r	1193	1081	10	10	0	0	70s	100	1	4033
r	1356	976	10	10	0	0	70s	100	1	4033
r	1239	960	10	10	0	0	70s	100	1	4033
r	1214	979	10	10	0	0	70s	100	1	4033
r	1192	972	10	10	0	0	70s	100	1	4033
r	1343	1475	10	10	0	0	70s	100	1	4033
r	1308	1468	10	10	0	0	70s	100	1	4033
r	1290	1471	10	10	0	0	70s	100	1	4033
r	1268	1458	10	10	0	0	70s	100	1	4033
r	1246	1471	10	10	0	0	70s	100	1	4033
r	1228	1471	10	10	0	0	70s	100	1	4033
r	1232	1435	10	10	0	0	70s	100	1	4033
r	1225	1423	10	10	0	0	70s	100	1	4033
r	1222	1386	10	10	0	0	70s	100	1	4033
r	1239	1363	10	10	0	0	70s	100	1	4033
r	1233	1342	10	10	0	0	70s	100	1	4033
r	1251	1346	10	10	0	0	70s	100	1	4033
r	1268	1340	10	10	0	0	70s	100	1	4033
r	1279	1352	10	10	0	0	70s	100	1	4033
r	1302	1339	10	10	0	0	70s	100	1	4033
r	1312	1348	10	10	0	0	70s	100	1	4033
r	1334	1337	10	10	0	0	70s	100	1	4033
r	1345	1351	10	10	0	0	70s	100	1	4033
r	1371	1343	10	10	0	0	70s	100	1	4033
r	1390	1347	10	10	0	0	70s	100	1	4033
r	1426	1358	10	10	0	0	70s	100	1	4033
r	1437	1341	10	10	0	0	70s	100	1	4033
r	1446	1316	10	10	0	0	70s	100	1	4033
r	1508	1319	10	10	0	0	70s	100	1	4033
r	1514	1370	10	10	0	0	70s	100	1	4033
r	1230	1321	10	10	0	0	70s	100	1	4033
r	1224	1300	10	10	0	0	70s	100	1	4033
r	1240	1287	10	10	0	0	70s	100	1	4033
r	1226	1271	10	10	0	0	70s	100	1	4033
r	1240	1254	10	10	0	0	70s	100	1	4033
r	1257	1266	10	10	0	0	70s	100	1	4033
r	1292	1255	10	10	0	0	70s	100	1	4033
r	1301	1261	10	10	0	0	70s	100	1	4033
r	1333	1253	10	10	0	0	70s	100	1	4033
r	1342	1262	10	10	0	0	70s	100	1	4033
r	1378	1250	10	10	0	0	70s	100	1	4033
r	1390	1262	10	10	0	0	70s	100	1	4033
r	1414	1252	10	10	0	0	70s	100	1	4033
r	1228	1235	10	10	0	0	70s	100	1	4033
r	1237	1219	10	10	0	0	70s	100	1	4033
r	1221	1198	10	10	0	0	70s	100	1	4033
r	1228	1180	10	10	0	0	70s	100	1	4033
r	1248	1167	10	10	0	0	70s	100	1	4033
r	1271	1182	10	10	0	0	70s	100	1	4033
r	1318	1163	10	10	0	0	70s	100	1	4033
r	1335	1173	10	10	0	0	70s	100	1	4033
r	1371	1158	10	10	0	0	70s	100	1	4033
r	1382	1171	10	10	0	0	70s	100	1	4033
r	1281	1165	10	10	0	0	70s	100	1	4033
r	1302	1179	10	10	0	0	70s	100	1	4033
r	1117	1315	10	10	0	0	70s	100	1	4033
r	1034	1333	10	10	0	0	70s	100	1	4033
r	1030	1346	10	10	0	0	70s	100	1	4033
r	917	1321	10	10	0	0	70s	100	1	4033
r	870	1325	10	10	0	0	70s	100	1	4033
r	871	1365	10	10	0	0	70s	100	1	4033
r	899	1366	10	10	0	0	70s	100	1	4033
r	896	1348	10	10	0	0	70s	100	1	4033
r	758	1343	10	10	0	0	70s	100	1	4033
r	777	1329	10	10	0	0	70s	100	1	4033
r	771	1236	10	10	0	0	70s	100	1	4033
r	766	1219	10	10	0	0	70s	100	1	4033
r	776	1192	10	10	0	0	70s	100	1	4033
r	770	1154	10	10	0	0	70s	100	1	4033
r	787	1146	10	10	0	0	70s	100	1	4033
r	857	1139	10	10	0	0	70s	100	1	4033
r	888	1153	10	10	0	0	70s	100	1	4033
r	641	632	10	10	0	0	70s	100	1	4033
r	644	655	10	10	0	0	70s	100	1	4033
r	639	685	10	10	0	0	70s	100	1	4033
r	649	714	10	10	0	0	70s	100	1	4033
r	559	787	10	10	0	0	70s	100	1	4033
r	554	743	10	10	0	0	70s	100	1	4033
r	556	712	10	10	0	0	70s	100	1	4033
r	557	675	10	10	0	0	70s	100	1	4033
r	564	652	10	10	0	0	70s	100	1	4033
r	548	616	10	10	0	0	70s	100	1	4033
r	553	826	10	10	0	0	70s	100	1	4033
r	536	850	10	10	0	0	70s	100	1	4033
r	587	307	10	10	0	0	70s	100	1	4033
r	523	302	10	10	0	0	70s	100	1	4033
r	561	275	10	10	0	0	70s	100	1	4033
r	585	274	10	10	0	0	70s	100	1	4033
r	828	125	10	10	0	0	70s	100	1	4033
r	807	127	10	10	0	0	70s	100	1	4033
r	804	81	10	10	0	0	70s	100	1	4033
r	868	78	10	10	0	0	70s	100	1	4033
r	868	132	10	10	0	0	70s	100	1	4033
r	275	611	10	10	0	0	70s	100	1	4033
r	239	539	10	10	0	0	70s	100	1	4033
r	228	721	10	10	0	0	70s	100	1	4033
r	241	734	10	10	0	0	70s	100	1	4033
r	286	721	10	10	0	0	70s	100	1	4033
r	356	722	10	10	0	0	70s	100	1	4033
r	467	727	10	10	0	0	70s	100	1	4033
r	461	1013	10	10	0	0	70s	100	1	4033
r	434	997	10	10	0	0	70s	100	1	4033
r	457	1176	10	10	0	0	70s	100	1	4033
r	437	1205	10	10	0	0	70s	100	1	4033
r	218	1218	10	10	0	0	70s	100	1	4033
r	198	1222	10	10	0	0	70s	100	1	4033
r	157	1153	10	10	0	0	70s	100	1	4033
r	176	1143	10	10	0	0	70s	100	1	4033
r	199	1120	10	10	0	0	70s	100	1	4033
r	187	1090	10	10	0	0	70s	100	1	4033
r	204	1085	10	10	0	0	70s	100	1	4033
r	605	1172	10	10	0	0	70s	100	1	4033
r	585	1187	10	10	0	0	70s	100	1	4033
r	402	1336	10	10	0	0	70s	100	1	4033
r	364	1367	10	10	0	0	70s	100	1	4033
r	339	1343	10	10	0	0	70s	100	1	4033
r	207	1329	10	10	0	0	70s	100	1	4033
r	1020	1219	10	10	0	0	70s	100	1	4033
r	1025	1185	10	10	0	0	70s	100	1	4033
r	990	1220	10	10	0	0	70s	100	1	4033
r	1030	1201	10	10	0	0	70s	100	1	4033
r	990	1196	10	10	0	0	70s	100	1	4033
r	1035	1162	10	10	0	0	70s	100	1	4033
r	1072	1325	10	10	0	0	70s	100	1	4033
r	1074	1348	10	10	0	0	70s	100	1	4033
r	1277	670	10	10	0	0	70s	100	1	4033
r	1310	662	10	10	0	0	70s	100	1	4033
r	1325	676	10	10	0	0	70s	100	1	4033
r	1341	673	10	10	0	0	70s	100	1	4033
r	1350	709	10	10	0	0	70s	100	1	4033
r	1344	738	10	10	0	0	70s	100	1	4033
r	1354	760	10	10	0	0	70s	100	1	4033
r	1344	789	10	10	0	0	70s	100	1	4033
r	1362	826	10	10	0	0	70s	100	1	4033
r	1334	869	10	10	0	0	70s	100	1	4033
r	1319	841	10	10	0	0	70s	100	1	4033
r	1373	873	10	10	0	0	70s	100	1	4033
r	1376	842	10	10	0	0	70s	100	1	4033
r	1349	840	10	10	0	0	70s	100	1	4033
r	1348	880	10	10	0	0	70s	100	1	4033
r	1329	892	10	10	0	0	70s	100	1	4033
r	1310	866	10	10	0	0	70s	100	1	4033
r	1325	849	10	10	0	0	70s	100	1	4033
r	1357	856	10	10	0	0	70s	100	1	4033
r	1374	846	10	10	0	0	70s	100	1	4033
r	1374	893	10	10	0	0	70s	100	1	4033
r	1349	901	10	10	0	0	70s	100	1	4033
r	1333	819	10	10	0	0	70s	100	1	4033
r	1343	793	10	10	0	0	70s	100	1	4033
r	1356	736	10	10	0	0	70s	100	1	4033
r	1352	661	10	10	0	0	70s	100	1	4033
r	1246	134	10	10	0	0	70s	100	1	4033
r	1216	110	10	10	0	0	70s	100	1	4033
r	1232	93	10	10	0	0	70s	100	1	4033
r	1265	67	10	10	0	0	70s	100	1	4033
r	1219	245	10	10	0	0	70s	100	1	4033
r	1171	249	10	10	0	0	70s	100	1	4033
r	1128	230	10	10	0	0	70s	100	1	4033
r	1112	361	10	10	0	0	70s	100	1	4033
r	855	357	10	10	0	0	70s	100	1	4033
r	840	303	10	10	0	0	70s	100	1	4033
r	839	262	10	10	0	0	70s	100	1	4033
r	832	227	10	10	0	0	70s	100	1	4033
r	859	80	10	10	0	0	70s	100	1	4033
r	840	100	10	10	0	0	70s	100	1	4033
r	276	1017	10	10	0	0	70s	100	1	4033
r	320	1017	10	10	0	0	70s	100	1	4033
r	326	987	10	10	0	0	70s	100	1	4033
r	320	943	10	10	0	0	70s	100	1	4033
r	374	1020	10	10	0	0	70s	100	1	4033
r	205	1020	10	10	0	0	70s	100	1	4033
r	288	1183	10	10	0	0	70s	100	1	4033
r	255	1189	10	10	0	0	70s	100	1	4033
r	104	1337	10	10	0	0	70s	100	1	4033
r	74	1358	10	10	0	0	70s	100	1	4033
r	39	1325	10	10	0	0	70s	100	1	4033
r	62	1053	10	10	0	0	70s	100	1	4033
r	56	999	10	10	0	0	70s	100	1	4033
r	59	931	10	10	0	0	70s	100	1	4033
r	62	893	10	10	0	0	70s	100	1	4033
r	86	860	10	10	0	0	70s	100	1	4033
r	175	875	10	10	0	0	70s	100	1	4033
r	216	839	10	10	0	0	70s	100	1	4033
