//type	cx	cy	sx	sy	z	dig	time	percent	count	vnum
//----------------------------------------------------------
g	129	288	5	5	0	0	30s	100	1	6829
g	142	320	5	5	0	0	30s	100	1	6829
g	128	343	5	5	0	0	30s	100	1	6829
g	127	372	5	5	0	0	30s	100	1	6829
g	147	372	5	5	0	0	30s	100	1	6829
g	146	392	5	5	0	0	30s	100	1	6829
g	123	391	5	5	0	0	30s	100	1	6829
g	165	381	5	5	0	0	30s	100	1	6829
g	99	378	5	5	0	0	30s	100	1	6829
g	62	382	5	5	0	0	30s	100	1	6829
g	60	417	5	5	0	0	30s	100	1	6829
g	58	440	5	5	0	0	30s	100	1	6829
g	59	470	5	5	0	0	30s	100	1	6829
g	62	491	5	5	0	0	30s	100	1	6829
g	59	515	5	5	0	0	30s	100	1	6829
g	60	543	5	5	0	0	30s	100	1	6829
g	59	562	5	5	0	0	30s	100	1	6829
g	203	376	5	5	0	0	30s	100	1	6829
g	215	374	5	5	0	0	30s	100	1	6829
g	204	394	5	5	0	0	30s	100	1	6829
g	219	391	5	5	0	0	30s	100	1	6829
g	244	381	5	5	0	0	30s	100	1	6829
g	270	375	5	5	0	0	30s	100	1	6829
g	295	376	5	5	0	0	30s	100	1	6829
g	317	374	5	5	0	0	30s	100	1	6829
g	342	375	5	5	0	0	30s	100	1	6829
g	370	377	5	5	0	0	30s	100	1	6829
g	391	374	5	5	0	0	30s	100	1	6829
g	224	199	5	5	0	0	30s	100	1	6829
g	247	197	5	5	0	0	30s	100	1	6829
g	271	192	5	5	0	0	30s	100	1	6829
g	292	188	5	5	0	0	30s	100	1	6829
g	291	203	5	5	0	0	30s	100	1	6829
g	274	206	5	5	0	0	30s	100	1	6829
g	277	162	5	5	0	0	30s	100	1	6829
g	292	140	5	5	0	0	30s	100	1	6829
g	271	114	5	5	0	0	30s	100	1	6829
g	292	86	5	5	0	0	30s	100	1	6829
g	282	56	5	5	0	0	30s	100	1	6829
g	315	69	5	5	0	0	30s	100	1	6829
g	346	46	5	5	0	0	30s	100	1	6829
g	388	64	5	5	0	0	30s	100	1	6829
g	420	44	5	5	0	0	30s	100	1	6829
g	441	70	5	5	0	0	30s	100	1	6829
g	466	50	5	5	0	0	30s	100	1	6829
g	502	56	5	5	0	0	30s	100	1	6829
g	490	87	5	5	0	0	30s	100	1	6829
g	505	117	5	5	0	0	30s	100	1	6829
g	488	119	5	5	0	0	30s	100	1	6829
g	485	135	5	5	0	0	30s	100	1	6829
g	509	134	5	5	0	0	30s	100	1	6829
g	490	161	5	5	0	0	30s	100	1	6829
g	505	198	5	5	0	0	30s	100	1	6829
g	463	195	5	5	0	0	30s	100	1	6829
g	418	191	5	5	0	0	30s	100	1	6829
g	439	191	5	5	0	0	30s	100	1	6829
g	439	202	5	5	0	0	30s	100	1	6829
g	419	206	5	5	0	0	30s	100	1	6829
g	391	191	5	5	0	0	30s	100	1	6829
g	366	212	5	5	0	0	30s	100	1	6829
g	340	189	5	5	0	0	30s	100	1	6829
g	313	214	5	5	0	0	30s	100	1	6829
g	416	238	5	5	0	0	30s	100	1	6829
g	440	273	5	5	0	0	30s	100	1	6829
g	417	310	5	5	0	0	30s	100	1	6829
g	443	339	5	5	0	0	30s	100	1	6829
g	423	372	5	5	0	0	30s	100	1	6829
g	437	383	5	5	0	0	30s	100	1	6829
g	435	392	5	5	0	0	30s	100	1	6829
g	416	392	5	5	0	0	30s	100	1	6829
g	419	419	5	5	0	0	30s	100	1	6829
g	435	443	5	5	0	0	30s	100	1	6829
g	417	468	5	5	0	0	30s	100	1	6829
g	438	489	5	5	0	0	30s	100	1	6829
g	421	529	5	5	0	0	30s	100	1	6829
g	388	517	5	5	0	0	30s	100	1	6829
g	369	539	5	5	0	0	30s	100	1	6829
g	342	519	5	5	0	0	30s	100	1	6829
g	316	536	5	5	0	0	30s	100	1	6829
g	282	525	5	5	0	0	30s	100	1	6829
g	294	563	5	5	0	0	30s	100	1	6829
g	274	596	5	5	0	0	30s	100	1	6829
g	276	607	5	5	0	0	30s	100	1	6829
g	301	607	5	5	0	0	30s	100	1	6829
g	291	593	5	5	0	0	30s	100	1	6829
g	276	637	5	5	0	0	30s	100	1	6829
g	293	658	5	5	0	0	30s	100	1	6829
g	271	681	5	5	0	0	30s	100	1	6829
g	294	708	5	5	0	0	30s	100	1	6829
g	275	738	5	5	0	0	30s	100	1	6829
g	277	755	5	5	0	0	30s	100	1	6829
g	295	750	5	5	0	0	30s	100	1	6829
g	280	782	5	5	0	0	30s	100	1	6829
g	291	800	5	5	0	0	30s	100	1	6829
g	245	736	5	5	0	0	30s	100	1	6829
g	221	758	5	5	0	0	30s	100	1	6829
g	196	734	5	5	0	0	30s	100	1	6829
g	177	756	5	5	0	0	30s	100	1	6829
g	149	733	5	5	0	0	30s	100	1	6829
g	123	756	5	5	0	0	30s	100	1	6829
g	101	733	5	5	0	0	30s	100	1	6829
g	54	742	5	5	0	0	30s	100	1	6829
g	57	752	5	5	0	0	30s	100	1	6829
g	75	756	5	5	0	0	30s	100	1	6829
g	72	734	5	5	0	0	30s	100	1	6829
g	59	704	5	5	0	0	30s	100	1	6829
g	73	685	5	5	0	0	30s	100	1	6829
g	57	661	5	5	0	0	30s	100	1	6829
g	76	631	5	5	0	0	30s	100	1	6829
g	57	594	5	5	0	0	30s	100	1	6829
g	56	606	5	5	0	0	30s	100	1	6829
g	78	604	5	5	0	0	30s	100	1	6829
g	74	590	5	5	0	0	30s	100	1	6829
g	100	589	5	5	0	0	30s	100	1	6829
g	126	611	5	5	0	0	30s	100	1	6829
g	147	590	5	5	0	0	30s	100	1	6829
g	173	609	5	5	0	0	30s	100	1	6829
g	194	590	5	5	0	0	30s	100	1	6829
g	220	610	5	5	0	0	30s	100	1	6829
g	244	589	5	5	0	0	30s	100	1	6829
g	58	780	5	5	0	0	30s	100	1	6829
g	76	805	5	5	0	0	30s	100	1	6829
g	58	825	5	5	0	0	30s	100	1	6829
g	538	119	5	5	0	0	30s	100	1	6829
g	561	137	5	5	0	0	30s	100	1	6829
g	585	117	5	5	0	0	30s	100	1	6829
g	607	116	5	5	0	0	30s	100	1	6829
g	643	123	5	5	0	0	30s	100	1	6829
g	653	124	5	5	0	0	30s	100	1	6829
g	640	140	5	5	0	0	30s	100	1	6829
g	638	92	5	5	0	0	30s	100	1	6829
g	515	400	5	5	0	0	30s	100	1	6829
g	508	434	5	5	0	0	30s	100	1	6829
g	528	464	5	5	0	0	30s	100	1	6829
g	507	488	5	5	0	0	30s	100	1	6829
g	531	511	5	5	0	0	30s	100	1	6829
g	510	532	5	5	0	0	30s	100	1	6829
g	1235	117	5	5	0	0	30s	100	1	6829
g	1266	136	5	5	0	0	30s	100	1	6829
g	1285	119	5	5	0	0	30s	100	1	6829
g	1322	89	5	5	0	0	30s	100	1	6829
g	1325	68	5	5	0	0	30s	100	1	6829
g	1317	120	5	5	0	0	30s	100	1	6829
g	1335	120	5	5	0	0	30s	100	1	6829
g	1328	139	5	5	0	0	30s	100	1	6829
g	1311	137	5	5	0	0	30s	100	1	6829
g	1311	222	5	5	0	0	30s	100	1	6829
g	1337	250	5	5	0	0	30s	100	1	6829
g	1315	270	5	5	0	0	30s	100	1	6829
g	1356	112	5	5	0	0	30s	100	1	6829
g	1397	136	5	5	0	0	30s	100	1	6829
g	1431	125	5	5	0	0	30s	100	1	6829
g	1422	164	5	5	0	0	30s	100	1	6829
g	1444	197	5	5	0	0	30s	100	1	6829
g	1423	219	5	5	0	0	30s	100	1	6829
g	1445	245	5	5	0	0	30s	100	1	6829
g	1418	272	5	5	0	0	30s	100	1	6829
g	1422	298	5	5	0	0	30s	100	1	6829
g	1443	303	5	5	0	0	30s	100	1	6829
g	1440	318	5	5	0	0	30s	100	1	6829
g	1421	317	5	5	0	0	30s	100	1	6829
g	1392	302	5	5	0	0	30s	100	1	6829
g	1363	315	5	5	0	0	30s	100	1	6829
g	1319	298	5	5	0	0	30s	100	1	6829
g	1340	299	5	5	0	0	30s	100	1	6829
g	1336	317	5	5	0	0	30s	100	1	6829
g	1311	318	5	5	0	0	30s	100	1	6829
g	1287	296	5	5	0	0	30s	100	1	6829
g	1261	320	5	5	0	0	30s	100	1	6829
g	1236	299	5	5	0	0	30s	100	1	6829
g	1196	324	5	5	0	0	30s	100	1	6829
g	1163	299	5	5	0	0	30s	100	1	6829
g	1099	289	5	5	0	0	30s	100	1	6829
g	1116	298	5	5	0	0	30s	100	1	6829
g	1107	316	5	5	0	0	30s	100	1	6829
g	1097	305	5	5	0	0	30s	100	1	6829
g	1066	298	5	5	0	0	30s	100	1	6829
g	1021	322	5	5	0	0	30s	100	1	6829
g	994	299	5	5	0	0	30s	100	1	6829
g	965	316	5	5	0	0	30s	100	1	6829
g	955	336	5	5	0	0	30s	100	1	6829
g	963	372	5	5	0	0	30s	100	1	6829
g	942	384	5	5	0	0	30s	100	1	6829
g	970	390	5	5	0	0	30s	100	1	6829
g	895	370	5	5	0	0	30s	100	1	6829
g	811	377	5	5	0	0	30s	100	1	6829
g	804	416	5	5	0	0	30s	100	1	6829
g	827	450	5	5	0	0	30s	100	1	6829
g	806	491	5	5	0	0	30s	100	1	6829
g	811	514	5	5	0	0	30s	100	1	6829
g	826	522	5	5	0	0	30s	100	1	6829
g	822	539	5	5	0	0	30s	100	1	6829
g	806	536	5	5	0	0	30s	100	1	6829
g	777	518	5	5	0	0	30s	100	1	6829
g	741	542	5	5	0	0	30s	100	1	6829
g	690	518	5	5	0	0	30s	100	1	6829
g	626	519	5	5	0	0	30s	100	1	6829
g	639	551	5	5	0	0	30s	100	1	6829
g	629	570	5	5	0	0	30s	100	1	6829
g	624	596	5	5	0	0	30s	100	1	6829
g	627	632	5	5	0	0	30s	100	1	6829
g	628	665	5	5	0	0	30s	100	1	6829
g	632	682	5	5	0	0	30s	100	1	6829
g	647	670	5	5	0	0	30s	100	1	6829
g	677	663	5	5	0	0	30s	100	1	6829
g	736	686	5	5	0	0	30s	100	1	6829
g	757	662	5	5	0	0	30s	100	1	6829
g	777	663	5	5	0	0	30s	100	1	6829
g	808	665	5	5	0	0	30s	100	1	6829
g	824	665	5	5	0	0	30s	100	1	6829
g	816	686	5	5	0	0	30s	100	1	6829
g	801	683	5	5	0	0	30s	100	1	6829
g	806	635	5	5	0	0	30s	100	1	6829
g	827	596	5	5	0	0	30s	100	1	6829
g	807	563	5	5	0	0	30s	100	1	6829
g	854	658	5	5	0	0	30s	100	1	6829
g	895	683	5	5	0	0	30s	100	1	6829
g	930	663	5	5	0	0	30s	100	1	6829
g	963	672	5	5	0	0	30s	100	1	6829
g	951	637	5	5	0	0	30s	100	1	6829
g	978	602	5	5	0	0	30s	100	1	6829
g	951	560	5	5	0	0	30s	100	1	6829
g	854	519	5	5	0	0	30s	100	1	6829
g	886	539	5	5	0	0	30s	100	1	6829
g	924	519	5	5	0	0	30s	100	1	6829
g	961	519	5	5	0	0	30s	100	1	6829
g	950	526	5	5	0	0	30s	100	1	6829
g	953	540	5	5	0	0	30s	100	1	6829
g	969	536	5	5	0	0	30s	100	1	6829
g	951	494	5	5	0	0	30s	100	1	6829
g	974	455	5	5	0	0	30s	100	1	6829
g	951	417	5	5	0	0	30s	100	1	6829
g	999	520	5	5	0	0	30s	100	1	6829
g	1029	536	5	5	0	0	30s	100	1	6829
g	1071	520	5	5	0	0	30s	100	1	6829
g	1107	516	5	5	0	0	30s	100	1	6829
g	1124	528	5	5	0	0	30s	100	1	6829
g	1094	540	5	5	0	0	30s	100	1	6829
g	1088	536	5	5	0	0	30s	100	1	6829
g	1097	490	5	5	0	0	30s	100	1	6829
g	1119	456	5	5	0	0	30s	100	1	6829
g	1091	414	5	5	0	0	30s	100	1	6829
g	1118	386	5	5	0	0	30s	100	1	6829
g	1098	348	5	5	0	0	30s	100	1	6829
g	1150	521	5	5	0	0	30s	100	1	6829
g	1184	542	5	5	0	0	30s	100	1	6829
g	1214	518	5	5	0	0	30s	100	1	6829
g	1251	539	5	5	0	0	30s	100	1	6829
g	1286	518	5	5	0	0	30s	100	1	6829
g	1322	516	5	5	0	0	30s	100	1	6829
g	1344	520	5	5	0	0	30s	100	1	6829
g	1326	537	5	5	0	0	30s	100	1	6829
g	1307	528	5	5	0	0	30s	100	1	6829
g	1315	490	5	5	0	0	30s	100	1	6829
g	1340	463	5	5	0	0	30s	100	1	6829
g	1313	436	5	5	0	0	30s	100	1	6829
g	1340	414	5	5	0	0	30s	100	1	6829
g	1313	394	5	5	0	0	30s	100	1	6829
g	1339	369	5	5	0	0	30s	100	1	6829
g	1310	364	5	5	0	0	30s	100	1	6829
g	1398	518	5	5	0	0	30s	100	1	6829
g	1411	528	5	5	0	0	30s	100	1	6829
g	1395	541	5	5	0	0	30s	100	1	6829
g	1375	529	5	5	0	0	30s	100	1	6829
g	1382	521	5	5	0	0	30s	100	1	6829
g	1385	563	5	5	0	0	30s	100	1	6829
g	1417	598	5	5	0	0	30s	100	1	6829
g	1391	633	5	5	0	0	30s	100	1	6829
g	1407	675	5	5	0	0	30s	100	1	6829
g	1360	687	5	5	0	0	30s	100	1	6829
g	1328	666	5	5	0	0	30s	100	1	6829
g	1286	687	5	5	0	0	30s	100	1	6829
g	1250	664	5	5	0	0	30s	100	1	6829
g	1263	668	5	5	0	0	30s	100	1	6829
g	1256	680	5	5	0	0	30s	100	1	6829
g	1240	678	5	5	0	0	30s	100	1	6829
g	1220	663	5	5	0	0	30s	100	1	6829
g	1177	685	5	5	0	0	30s	100	1	6829
g	1140	663	5	5	0	0	30s	100	1	6829
g	1103	663	5	5	0	0	30s	100	1	6829
g	1098	682	5	5	0	0	30s	100	1	6829
g	1115	683	5	5	0	0	30s	100	1	6829
g	1116	662	5	5	0	0	30s	100	1	6829
g	1104	639	5	5	0	0	30s	100	1	6829
g	1122	601	5	5	0	0	30s	100	1	6829
g	1101	567	5	5	0	0	30s	100	1	6829
g	374	773	5	5	0	0	30s	100	1	6829
g	415	772	5	5	0	0	30s	100	1	6829
g	444	788	5	5	0	0	30s	100	1	6829
g	482	775	5	5	0	0	30s	100	1	6829
g	498	779	5	5	0	0	30s	100	1	6829
g	490	796	5	5	0	0	30s	100	1	6829
g	479	795	5	5	0	0	30s	100	1	6829
g	526	775	5	5	0	0	30s	100	1	6829
g	554	796	5	5	0	0	30s	100	1	6829
g	595	773	5	5	0	0	30s	100	1	6829
g	637	773	5	5	0	0	30s	100	1	6829
g	647	792	5	5	0	0	30s	100	1	6829
g	633	801	5	5	0	0	30s	100	1	6829
g	613	782	5	5	0	0	30s	100	1	6829
g	631	739	5	5	0	0	30s	100	1	6829
g	645	706	5	5	0	0	30s	100	1	6829
g	681	776	5	5	0	0	30s	100	1	6829
g	735	794	5	5	0	0	30s	100	1	6829
g	780	771	5	5	0	0	30s	100	1	6829
g	815	771	5	5	0	0	30s	100	1	6829
g	829	778	5	5	0	0	30s	100	1	6829
g	818	793	5	5	0	0	30s	100	1	6829
g	798	790	5	5	0	0	30s	100	1	6829
g	856	777	5	5	0	0	30s	100	1	6829
g	802	733	5	5	0	0	30s	100	1	6829
g	832	709	5	5	0	0	30s	100	1	6829
g	881	771	5	5	0	0	30s	100	1	6829
g	903	785	5	5	0	0	30s	100	1	6829
g	879	817	5	5	0	0	30s	100	1	6829
g	898	849	5	5	0	0	30s	100	1	6829
g	870	891	5	5	0	0	30s	100	1	6829
g	902	914	5	5	0	0	30s	100	1	6829
g	875	938	5	5	0	0	30s	100	1	6829
g	897	960	5	5	0	0	30s	100	1	6829
g	876	995	5	5	0	0	30s	100	1	6829
g	888	1013	5	5	0	0	30s	100	1	6829
g	944	991	5	5	0	0	30s	100	1	6829
g	967	1013	5	5	0	0	30s	100	1	6829
g	997	990	5	5	0	0	30s	100	1	6829
g	1037	1021	5	5	0	0	30s	100	1	6829
g	1070	994	5	5	0	0	30s	100	1	6829
g	1106	1001	5	5	0	0	30s	100	1	6829
g	1094	961	5	5	0	0	30s	100	1	6829
g	1116	916	5	5	0	0	30s	100	1	6829
g	1092	926	5	5	0	0	30s	100	1	6829
g	1097	937	5	5	0	0	30s	100	1	6829
g	1121	936	5	5	0	0	30s	100	1	6829
g	1100	889	5	5	0	0	30s	100	1	6829
g	1125	861	5	5	0	0	30s	100	1	6829
g	1089	840	5	5	0	0	30s	100	1	6829
g	1121	821	5	5	0	0	30s	100	1	6829
g	1096	791	5	5	0	0	30s	100	1	6829
g	1120	761	5	5	0	0	30s	100	1	6829
g	1097	734	5	5	0	0	30s	100	1	6829
g	1116	711	5	5	0	0	30s	100	1	6829
g	1144	921	5	5	0	0	30s	100	1	6829
g	1174	937	5	5	0	0	30s	100	1	6829
g	1213	921	5	5	0	0	30s	100	1	6829
g	1253	915	5	5	0	0	30s	100	1	6829
g	1239	932	5	5	0	0	30s	100	1	6829
g	1251	938	5	5	0	0	30s	100	1	6829
g	1268	922	5	5	0	0	30s	100	1	6829
g	1242	889	5	5	0	0	30s	100	1	6829
g	1263	867	5	5	0	0	30s	100	1	6829
g	1247	838	5	5	0	0	30s	100	1	6829
g	1266	818	5	5	0	0	30s	100	1	6829
g	1242	789	5	5	0	0	30s	100	1	6829
g	1265	764	5	5	0	0	30s	100	1	6829
g	1243	738	5	5	0	0	30s	100	1	6829
g	1262	707	5	5	0	0	30s	100	1	6829
g	1287	920	5	5	0	0	30s	100	1	6829
g	1317	941	5	5	0	0	30s	100	1	6829
g	1358	917	5	5	0	0	30s	100	1	6829
g	1400	916	5	5	0	0	30s	100	1	6829
g	1398	940	5	5	0	0	30s	100	1	6829
g	1379	925	5	5	0	0	30s	100	1	6829
g	1392	889	5	5	0	0	30s	100	1	6829
g	1403	856	5	5	0	0	30s	100	1	6829
g	1386	817	5	5	0	0	30s	100	1	6829
g	1397	782	5	5	0	0	30s	100	1	6829
g	758	873	5	5	0	0	30s	100	1	6829
g	748	891	5	5	0	0	30s	100	1	6829
g	777	914	5	5	0	0	30s	100	1	6829
g	747	940	5	5	0	0	30s	100	1	6829
g	769	963	5	5	0	0	30s	100	1	6829
g	752	997	5	5	0	0	30s	100	1	6829
g	760	1011	5	5	0	0	30s	100	1	6829
g	776	999	5	5	0	0	30s	100	1	6829
g	774	990	5	5	0	0	30s	100	1	6829
g	800	997	5	5	0	0	30s	100	1	6829
g	725	989	5	5	0	0	30s	100	1	6829
g	695	1011	5	5	0	0	30s	100	1	6829
g	752	1035	5	5	0	0	30s	100	1	6829
g	772	1071	5	5	0	0	30s	100	1	6829
g	758	1098	5	5	0	0	30s	100	1	6829
g	745	1116	5	5	0	0	30s	100	1	6829
g	721	1094	5	5	0	0	30s	100	1	6829
g	688	1107	5	5	0	0	30s	100	1	6829
g	676	1135	5	5	0	0	30s	100	1	6829
g	697	1159	5	5	0	0	30s	100	1	6829
g	676	1176	5	5	0	0	30s	100	1	6829
g	691	1199	5	5	0	0	30s	100	1	6829
g	1467	298	5	5	0	0	30s	100	1	6829
g	1471	317	5	5	0	0	30s	100	1	6829
g	1497	306	5	5	0	0	30s	100	1	6829
g	1498	342	5	5	0	0	30s	100	1	6829
g	1514	367	5	5	0	0	30s	100	1	6829
g	1495	392	5	5	0	0	30s	100	1	6829
g	1517	416	5	5	0	0	30s	100	1	6829
g	1493	443	5	5	0	0	30s	100	1	6829
g	1517	465	5	5	0	0	30s	100	1	6829
g	1494	493	5	5	0	0	30s	100	1	6829
g	1496	523	5	5	0	0	30s	100	1	6829
g	1502	541	5	5	0	0	30s	100	1	6829
g	1515	536	5	5	0	0	30s	100	1	6829
g	1512	515	5	5	0	0	30s	100	1	6829
g	1499	563	5	5	0	0	30s	100	1	6829
g	1517	588	5	5	0	0	30s	100	1	6829
g	1496	613	5	5	0	0	30s	100	1	6829
g	1516	631	5	5	0	0	30s	100	1	6829
g	1496	667	5	5	0	0	30s	100	1	6829
g	1515	715	5	5	0	0	30s	100	1	6829
g	1505	775	5	5	0	0	30s	100	1	6829
g	1468	775	5	5	0	0	30s	100	1	6829
g	842	1439	5	5	0	0	30s	100	1	6829
g	869	1457	5	5	0	0	30s	100	1	6829
g	901	1435	5	5	0	0	30s	100	1	6829
g	914	1445	5	5	0	0	30s	100	1	6829
g	901	1455	5	5	0	0	30s	100	1	6829
g	891	1408	5	5	0	0	30s	100	1	6829
g	910	1366	5	5	0	0	30s	100	1	6829
g	933	1365	5	5	0	0	30s	100	1	6829
g	967	1380	5	5	0	0	30s	100	1	6829
g	1006	1364	5	5	0	0	30s	100	1	6829
g	1019	1403	5	5	0	0	30s	100	1	6829
g	1003	1439	5	5	0	0	30s	100	1	6829
g	1007	1456	5	5	0	0	30s	100	1	6829
g	1020	1454	5	5	0	0	30s	100	1	6829
g	1006	1482	5	5	0	0	30s	100	1	6829
g	1008	1505	5	5	0	0	30s	100	1	6829
g	1049	1442	5	5	0	0	30s	100	1	6829
g	1071	1455	5	5	0	0	30s	100	1	6829
g	1095	1436	5	5	0	0	30s	100	1	6829
g	1128	1453	5	5	0	0	30s	100	1	6829
g	1144	1437	5	5	0	0	30s	100	1	6829
g	1168	1455	5	5	0	0	30s	100	1	6829
g	148	298	5	5	0	0	30s	100	1	6830
g	125	321	5	5	0	0	30s	100	1	6830
g	149	351	5	5	0	0	30s	100	1	6830
g	133	382	5	5	0	0	30s	100	1	6830
g	130	423	5	5	0	0	30s	100	1	6830
g	138	455	5	5	0	0	30s	100	1	6830
g	179	454	5	5	0	0	30s	100	1	6830
g	208	447	5	5	0	0	30s	100	1	6830
g	211	416	5	5	0	0	30s	100	1	6830
g	78	373	5	5	0	0	30s	100	1	6830
g	74	418	5	5	0	0	30s	100	1	6830
g	74	446	5	5	0	0	30s	100	1	6830
g	73	473	5	5	0	0	30s	100	1	6830
g	76	517	5	5	0	0	30s	100	1	6830
g	74	561	5	5	0	0	30s	100	1	6830
g	67	600	5	5	0	0	30s	100	1	6830
g	59	631	5	5	0	0	30s	100	1	6830
g	100	609	5	5	0	0	30s	100	1	6830
g	126	589	5	5	0	0	30s	100	1	6830
g	150	613	5	5	0	0	30s	100	1	6830
g	176	590	5	5	0	0	30s	100	1	6830
g	203	611	5	5	0	0	30s	100	1	6830
g	221	590	5	5	0	0	30s	100	1	6830
g	249	613	5	5	0	0	30s	100	1	6830
g	275	560	5	5	0	0	30s	100	1	6830
g	315	517	5	5	0	0	30s	100	1	6830
g	345	539	5	5	0	0	30s	100	1	6830
g	367	517	5	5	0	0	30s	100	1	6830
g	398	539	5	5	0	0	30s	100	1	6830
g	435	513	5	5	0	0	30s	100	1	6830
g	424	485	5	5	0	0	30s	100	1	6830
g	444	457	5	5	0	0	30s	100	1	6830
g	417	439	5	5	0	0	30s	100	1	6830
g	442	418	5	5	0	0	30s	100	1	6830
g	383	391	5	5	0	0	30s	100	1	6830
g	345	392	5	5	0	0	30s	100	1	6830
g	311	392	5	5	0	0	30s	100	1	6830
g	273	393	5	5	0	0	30s	100	1	6830
g	156	442	5	5	0	0	30s	100	1	6830
g	145	413	5	5	0	0	30s	100	1	6830
g	277	232	5	5	0	0	30s	100	1	6830
g	292	259	5	5	0	0	30s	100	1	6830
g	271	287	5	5	0	0	30s	100	1	6830
g	291	308	5	5	0	0	30s	100	1	6830
g	277	329	5	5	0	0	30s	100	1	6830
g	418	332	5	5	0	0	30s	100	1	6830
g	417	274	5	5	0	0	30s	100	1	6830
g	440	234	5	5	0	0	30s	100	1	6830
g	480	208	5	5	0	0	30s	100	1	6830
g	646	71	5	5	0	0	30s	100	1	6830
g	631	124	5	5	0	0	30s	100	1	6830
g	598	134	5	5	0	0	30s	100	1	6830
g	507	173	5	5	0	0	30s	100	1	6830
g	272	262	5	5	0	0	30s	100	1	6830
g	23	735	5	5	0	0	30s	100	1	6830
g	41	747	5	5	0	0	30s	100	1	6830
g	54	801	5	5	0	0	30s	100	1	6830
g	74	830	5	5	0	0	30s	100	1	6830
g	124	735	5	5	0	0	30s	100	1	6830
g	99	758	5	5	0	0	30s	100	1	6830
g	147	755	5	5	0	0	30s	100	1	6830
g	177	736	5	5	0	0	30s	100	1	6830
g	199	756	5	5	0	0	30s	100	1	6830
g	227	734	5	5	0	0	30s	100	1	6830
g	250	757	5	5	0	0	30s	100	1	6830
g	271	704	5	5	0	0	30s	100	1	6830
g	295	680	5	5	0	0	30s	100	1	6830
g	271	657	5	5	0	0	30s	100	1	6830
g	294	632	5	5	0	0	30s	100	1	6830
g	278	537	5	5	0	0	30s	100	1	6830
g	508	514	5	5	0	0	30s	100	1	6830
g	532	485	5	5	0	0	30s	100	1	6830
g	508	461	5	5	0	0	30s	100	1	6830
g	534	431	5	5	0	0	30s	100	1	6830
g	530	398	5	5	0	0	30s	100	1	6830
g	1235	136	5	5	0	0	30s	100	1	6830
g	1263	117	5	5	0	0	30s	100	1	6830
g	1288	136	5	5	0	0	30s	100	1	6830
g	1316	75	5	5	0	0	30s	100	1	6830
g	1323	129	5	5	0	0	30s	100	1	6830
g	1363	132	5	5	0	0	30s	100	1	6830
g	1390	117	5	5	0	0	30s	100	1	6830
g	1420	122	5	5	0	0	30s	100	1	6830
g	1442	150	5	5	0	0	30s	100	1	6830
g	1428	182	5	5	0	0	30s	100	1	6830
g	1444	224	5	5	0	0	30s	100	1	6830
g	1418	245	5	5	0	0	30s	100	1	6830
g	1445	272	5	5	0	0	30s	100	1	6830
g	1426	343	5	5	0	0	30s	100	1	6830
g	1448	364	5	5	0	0	30s	100	1	6830
g	1458	310	5	5	0	0	30s	100	1	6830
g	1429	307	5	5	0	0	30s	100	1	6830
g	1390	322	5	5	0	0	30s	100	1	6830
g	1364	297	5	5	0	0	30s	100	1	6830
g	1287	319	5	5	0	0	30s	100	1	6830
g	1262	297	5	5	0	0	30s	100	1	6830
g	1240	319	5	5	0	0	30s	100	1	6830
g	1211	300	5	5	0	0	30s	100	1	6830
g	1182	294	5	5	0	0	30s	100	1	6830
g	1166	322	5	5	0	0	30s	100	1	6830
g	1117	304	5	5	0	0	30s	100	1	6830
g	1066	318	5	5	0	0	30s	100	1	6830
g	1032	303	5	5	0	0	30s	100	1	6830
g	964	304	5	5	0	0	30s	100	1	6830
g	973	340	5	5	0	0	30s	100	1	6830
g	925	389	5	5	0	0	30s	100	1	6830
g	887	397	5	5	0	0	30s	100	1	6830
g	856	378	5	5	0	0	30s	100	1	6830
g	919	373	5	5	0	0	30s	100	1	6830
g	827	394	5	5	0	0	30s	100	1	6830
g	825	421	5	5	0	0	30s	100	1	6830
g	806	449	5	5	0	0	30s	100	1	6830
g	828	490	5	5	0	0	30s	100	1	6830
g	777	536	5	5	0	0	30s	100	1	6830
g	745	516	5	5	0	0	30s	100	1	6830
g	713	539	5	5	0	0	30s	100	1	6830
g	679	535	5	5	0	0	30s	100	1	6830
g	656	520	5	5	0	0	30s	100	1	6830
g	645	567	5	5	0	0	30s	100	1	6830
g	642	601	5	5	0	0	30s	100	1	6830
g	641	637	5	5	0	0	30s	100	1	6830
g	626	673	5	5	0	0	30s	100	1	6830
g	644	662	5	5	0	0	30s	100	1	6830
g	676	679	5	5	0	0	30s	100	1	6830
g	727	661	5	5	0	0	30s	100	1	6830
g	764	684	5	5	0	0	30s	100	1	6830
g	786	682	5	5	0	0	30s	100	1	6830
g	828	630	5	5	0	0	30s	100	1	6830
g	803	596	5	5	0	0	30s	100	1	6830
g	826	568	5	5	0	0	30s	100	1	6830
g	855	679	5	5	0	0	30s	100	1	6830
g	893	658	5	5	0	0	30s	100	1	6830
g	930	683	5	5	0	0	30s	100	1	6830
g	971	658	5	5	0	0	30s	100	1	6830
g	973	634	5	5	0	0	30s	100	1	6830
g	951	600	5	5	0	0	30s	100	1	6830
g	976	566	5	5	0	0	30s	100	1	6830
g	975	493	5	5	0	0	30s	100	1	6830
g	951	462	5	5	0	0	30s	100	1	6830
g	975	413	5	5	0	0	30s	100	1	6830
g	1005	537	5	5	0	0	30s	100	1	6830
g	1037	519	5	5	0	0	30s	100	1	6830
g	1070	533	5	5	0	0	30s	100	1	6830
g	1114	528	5	5	0	0	30s	100	1	6830
g	1119	479	5	5	0	0	30s	100	1	6830
g	1097	458	5	5	0	0	30s	100	1	6830
g	1122	421	5	5	0	0	30s	100	1	6830
g	1094	385	5	5	0	0	30s	100	1	6830
g	1120	349	5	5	0	0	30s	100	1	6830
g	1148	540	5	5	0	0	30s	100	1	6830
g	1178	519	5	5	0	0	30s	100	1	6830
g	1217	538	5	5	0	0	30s	100	1	6830
g	1252	518	5	5	0	0	30s	100	1	6830
g	1290	546	5	5	0	0	30s	100	1	6830
g	1336	525	5	5	0	0	30s	100	1	6830
g	1333	483	5	5	0	0	30s	100	1	6830
g	1307	462	5	5	0	0	30s	100	1	6830
g	1337	440	5	5	0	0	30s	100	1	6830
g	1317	412	5	5	0	0	30s	100	1	6830
g	1340	391	5	5	0	0	30s	100	1	6830
g	1327	344	5	5	0	0	30s	100	1	6830
g	1328	302	5	5	0	0	30s	100	1	6830
g	1338	270	5	5	0	0	30s	100	1	6830
g	1316	243	5	5	0	0	30s	100	1	6830
g	1335	220	5	5	0	0	30s	100	1	6830
g	1327	191	5	5	0	0	30s	100	1	6830
g	1325	156	5	5	0	0	30s	100	1	6830
g	1447	177	5	5	0	0	30s	100	1	6830
g	1422	136	5	5	0	0	30s	100	1	6830
g	1428	365	5	5	0	0	30s	100	1	6830
g	1396	529	5	5	0	0	30s	100	1	6830
g	1436	527	5	5	0	0	30s	100	1	6830
g	1389	589	5	5	0	0	30s	100	1	6830
g	1406	567	5	5	0	0	30s	100	1	6830
g	1385	619	5	5	0	0	30s	100	1	6830
g	1402	641	5	5	0	0	30s	100	1	6830
g	1389	669	5	5	0	0	30s	100	1	6830
g	1363	669	5	5	0	0	30s	100	1	6830
g	1329	686	5	5	0	0	30s	100	1	6830
g	1300	667	5	5	0	0	30s	100	1	6830
g	1282	664	5	5	0	0	30s	100	1	6830
g	1187	666	5	5	0	0	30s	100	1	6830
g	1212	686	5	5	0	0	30s	100	1	6830
g	1139	682	5	5	0	0	30s	100	1	6830
g	1095	713	5	5	0	0	30s	100	1	6830
g	1097	762	5	5	0	0	30s	100	1	6830
g	1116	792	5	5	0	0	30s	100	1	6830
g	1093	820	5	5	0	0	30s	100	1	6830
g	1094	867	5	5	0	0	30s	100	1	6830
g	1119	964	5	5	0	0	30s	100	1	6830
g	1110	928	5	5	0	0	30s	100	1	6830
g	1146	938	5	5	0	0	30s	100	1	6830
g	1186	919	5	5	0	0	30s	100	1	6830
g	1217	943	5	5	0	0	30s	100	1	6830
g	1248	965	5	5	0	0	30s	100	1	6830
g	1265	998	5	5	0	0	30s	100	1	6830
g	1237	986	5	5	0	0	30s	100	1	6830
g	1244	1024	5	5	0	0	30s	100	1	6830
g	1253	1040	5	5	0	0	30s	100	1	6830
g	1255	1062	5	5	0	0	30s	100	1	6830
g	1320	922	5	5	0	0	30s	100	1	6830
g	1349	943	5	5	0	0	30s	100	1	6830
g	1397	929	5	5	0	0	30s	100	1	6830
g	1259	933	5	5	0	0	30s	100	1	6830
g	1243	918	5	5	0	0	30s	100	1	6830
g	1388	865	5	5	0	0	30s	100	1	6830
g	1385	835	5	5	0	0	30s	100	1	6830
g	1405	796	5	5	0	0	30s	100	1	6830
g	486	818	5	5	0	0	30s	100	1	6830
g	486	849	5	5	0	0	30s	100	1	6830
g	479	880	5	5	0	0	30s	100	1	6830
g	485	903	5	5	0	0	30s	100	1	6830
g	503	898	5	5	0	0	30s	100	1	6830
g	501	879	5	5	0	0	30s	100	1	6830
g	480	931	5	5	0	0	30s	100	1	6830
g	489	963	5	5	0	0	30s	100	1	6830
g	488	999	5	5	0	0	30s	100	1	6830
g	528	998	5	5	0	0	30s	100	1	6830
g	564	999	5	5	0	0	30s	100	1	6830
g	598	988	5	5	0	0	30s	100	1	6830
g	639	1007	5	5	0	0	30s	100	1	6830
g	642	962	5	5	0	0	30s	100	1	6830
g	633	947	5	5	0	0	30s	100	1	6830
g	649	920	5	5	0	0	30s	100	1	6830
g	579	880	5	5	0	0	30s	100	1	6830
g	524	888	5	5	0	0	30s	100	1	6830
g	598	898	5	5	0	0	30s	100	1	6830
g	633	883	5	5	0	0	30s	100	1	6830
g	654	893	5	5	0	0	30s	100	1	6830
g	628	901	5	5	0	0	30s	100	1	6830
g	675	888	5	5	0	0	30s	100	1	6830
g	697	889	5	5	0	0	30s	100	1	6830
g	637	845	5	5	0	0	30s	100	1	6830
g	634	815	5	5	0	0	30s	100	1	6830
g	634	780	5	5	0	0	30s	100	1	6830
g	674	783	5	5	0	0	30s	100	1	6830
g	727	771	5	5	0	0	30s	100	1	6830
g	773	792	5	5	0	0	30s	100	1	6830
g	824	736	5	5	0	0	30s	100	1	6830
g	809	708	5	5	0	0	30s	100	1	6830
g	624	704	5	5	0	0	30s	100	1	6830
g	565	777	5	5	0	0	30s	100	1	6830
g	390	792	5	5	0	0	30s	100	1	6830
g	425	788	5	5	0	0	30s	100	1	6830
g	447	768	5	5	0	0	30s	100	1	6830
g	1418	930	5	5	0	0	30s	100	1	6830
g	1458	923	5	5	0	0	30s	100	1	6830
g	1478	935	5	5	0	0	30s	100	1	6830
g	1511	920	5	5	0	0	30s	100	1	6830
g	1406	879	5	5	0	0	30s	100	1	6830
g	1402	828	5	5	0	0	30s	100	1	6830
g	1438	778	5	5	0	0	30s	100	1	6830
g	1486	790	5	5	0	0	30s	100	1	6830
g	1510	735	5	5	0	0	30s	100	1	6830
g	1497	698	5	5	0	0	30s	100	1	6830
g	1522	659	5	5	0	0	30s	100	1	6830
g	1496	630	5	5	0	0	30s	100	1	6830
g	1517	606	5	5	0	0	30s	100	1	6830
g	1492	589	5	5	0	0	30s	100	1	6830
g	1519	559	5	5	0	0	30s	100	1	6830
g	1463	523	5	5	0	0	30s	100	1	6830
g	1513	523	5	5	0	0	30s	100	1	6830
g	1493	531	5	5	0	0	30s	100	1	6830
g	1519	488	5	5	0	0	30s	100	1	6830
g	1495	465	5	5	0	0	30s	100	1	6830
g	1522	438	5	5	0	0	30s	100	1	6830
g	1495	412	5	5	0	0	30s	100	1	6830
g	1499	376	5	5	0	0	30s	100	1	6830
g	1519	391	5	5	0	0	30s	100	1	6830
g	1517	340	5	5	0	0	30s	100	1	6830
g	1512	313	5	5	0	0	30s	100	1	6830
g	1479	308	5	5	0	0	30s	100	1	6830
g	868	1435	5	5	0	0	30s	100	1	6830
g	889	1446	5	5	0	0	30s	100	1	6830
g	912	1408	5	5	0	0	30s	100	1	6830
g	893	1370	5	5	0	0	30s	100	1	6830
g	940	1380	5	5	0	0	30s	100	1	6830
g	981	1359	5	5	0	0	30s	100	1	6830
g	1002	1383	5	5	0	0	30s	100	1	6830
g	1000	1415	5	5	0	0	30s	100	1	6830
g	1019	1437	5	5	0	0	30s	100	1	6830
g	1046	1455	5	5	0	0	30s	100	1	6830
g	1074	1433	5	5	0	0	30s	100	1	6830
g	1095	1458	5	5	0	0	30s	100	1	6830
g	1128	1436	5	5	0	0	30s	100	1	6830
g	1150	1460	5	5	0	0	30s	100	1	6830
g	1178	1437	5	5	0	0	30s	100	1	6830
g	1019	1491	5	5	0	0	30s	100	1	6830
g	975	1441	5	5	0	0	30s	100	1	6830
g	941	1450	5	5	0	0	30s	100	1	6830
g	495	127	5	5	0	0	30s	100	1	6831
g	653	132	5	5	0	0	30s	100	1	6831
g	644	115	5	5	0	0	30s	100	1	6831
g	516	126	5	5	0	0	30s	100	1	6831
g	504	156	5	5	0	0	30s	100	1	6831
g	489	192	5	5	0	0	30s	100	1	6831
g	425	196	5	5	0	0	30s	100	1	6831
g	434	209	5	5	0	0	30s	100	1	6831
g	410	203	5	5	0	0	30s	100	1	6831
g	283	199	5	5	0	0	30s	100	1	6831
g	286	217	5	5	0	0	30s	100	1	6831
g	269	196	5	5	0	0	30s	100	1	6831
g	280	186	5	5	0	0	30s	100	1	6831
g	224	378	5	5	0	0	30s	100	1	6831
g	200	386	5	5	0	0	30s	100	1	6831
g	143	380	5	5	0	0	30s	100	1	6831
g	424	382	5	5	0	0	30s	100	1	6831
g	436	370	5	5	0	0	30s	100	1	6831
g	136	371	5	5	0	0	30s	100	1	6831
g	58	584	5	5	0	0	30s	100	1	6831
g	67	616	5	5	0	0	30s	100	1	6831
g	83	598	5	5	0	0	30s	100	1	6831
g	280	589	5	5	0	0	30s	100	1	6831
g	284	613	5	5	0	0	30s	100	1	6831
g	289	736	5	5	0	0	30s	100	1	6831
g	275	750	5	5	0	0	30s	100	1	6831
g	289	757	5	5	0	0	30s	100	1	6831
g	72	744	5	5	0	0	30s	100	1	6831
g	60	743	5	5	0	0	30s	100	1	6831
g	67	759	5	5	0	0	30s	100	1	6831
g	389	775	5	5	0	0	30s	100	1	6831
g	373	792	5	5	0	0	30s	100	1	6831
g	476	785	5	5	0	0	30s	100	1	6831
g	496	788	5	5	0	0	30s	100	1	6831
g	488	770	5	5	0	0	30s	100	1	6831
g	482	897	5	5	0	0	30s	100	1	6831
g	492	890	5	5	0	0	30s	100	1	6831
g	489	871	5	5	0	0	30s	100	1	6831
g	621	885	5	5	0	0	30s	100	1	6831
g	637	899	5	5	0	0	30s	100	1	6831
g	642	877	5	5	0	0	30s	100	1	6831
g	690	899	5	5	0	0	30s	100	1	6831
g	664	877	5	5	0	0	30s	100	1	6831
g	498	936	5	5	0	0	30s	100	1	6831
g	487	993	5	5	0	0	30s	100	1	6831
g	587	1007	5	5	0	0	30s	100	1	6831
g	760	988	5	5	0	0	30s	100	1	6831
g	750	1007	5	5	0	0	30s	100	1	6831
g	777	1011	5	5	0	0	30s	100	1	6831
g	695	1100	5	5	0	0	30s	100	1	6831
g	803	779	5	5	0	0	30s	100	1	6831
g	828	789	5	5	0	0	30s	100	1	6831
g	813	780	5	5	0	0	30s	100	1	6831
g	631	789	5	5	0	0	30s	100	1	6831
g	650	778	5	5	0	0	30s	100	1	6831
g	626	775	5	5	0	0	30s	100	1	6831
g	637	668	5	5	0	0	30s	100	1	6831
g	641	685	5	5	0	0	30s	100	1	6831
g	807	673	5	5	0	0	30s	100	1	6831
g	826	674	5	5	0	0	30s	100	1	6831
g	810	656	5	5	0	0	30s	100	1	6831
g	806	523	5	5	0	0	30s	100	1	6831
g	832	531	5	5	0	0	30s	100	1	6831
g	815	529	5	5	0	0	30s	100	1	6831
g	819	511	5	5	0	0	30s	100	1	6831
g	953	515	5	5	0	0	30s	100	1	6831
g	976	520	5	5	0	0	30s	100	1	6831
g	959	529	5	5	0	0	30s	100	1	6831
g	949	376	5	5	0	0	30s	100	1	6831
g	957	389	5	5	0	0	30s	100	1	6831
g	967	380	5	5	0	0	30s	100	1	6831
g	1099	314	5	5	0	0	30s	100	1	6831
g	1095	297	5	5	0	0	30s	100	1	6831
g	1106	303	5	5	0	0	30s	100	1	6831
g	1096	521	5	5	0	0	30s	100	1	6831
g	1110	533	5	5	0	0	30s	100	1	6831
g	1118	520	5	5	0	0	30s	100	1	6831
g	1314	523	5	5	0	0	30s	100	1	6831
g	1332	532	5	5	0	0	30s	100	1	6831
g	1331	512	5	5	0	0	30s	100	1	6831
g	1391	522	5	5	0	0	30s	100	1	6831
g	1387	539	5	5	0	0	30s	100	1	6831
g	1412	534	5	5	0	0	30s	100	1	6831
g	1254	674	5	5	0	0	30s	100	1	6831
g	1237	669	5	5	0	0	30s	100	1	6831
g	1264	677	5	5	0	0	30s	100	1	6831
g	1239	926	5	5	0	0	30s	100	1	6831
g	1259	925	5	5	0	0	30s	100	1	6831
g	1278	927	5	5	0	0	30s	100	1	6831
g	1394	921	5	5	0	0	30s	100	1	6831
g	1406	936	5	5	0	0	30s	100	1	6831
g	1382	930	5	5	0	0	30s	100	1	6831
g	1104	923	5	5	0	0	30s	100	1	6831
g	1119	937	5	5	0	0	30s	100	1	6831
g	1101	937	5	5	0	0	30s	100	1	6831
g	1311	303	5	5	0	0	30s	100	1	6831
g	1327	307	5	5	0	0	30s	100	1	6831
g	1327	318	5	5	0	0	30s	100	1	6831
g	1423	308	5	5	0	0	30s	100	1	6831
g	1442	311	5	5	0	0	30s	100	1	6831
g	1430	299	5	5	0	0	30s	100	1	6831
g	1313	117	5	5	0	0	30s	100	1	6831
g	1341	132	5	5	0	0	30s	100	1	6831
g	1317	128	5	5	0	0	30s	100	1	6831
g	995	1453	5	5	0	0	30s	100	1	6831
g	1005	1432	5	5	0	0	30s	100	1	6831
g	1009	1448	5	5	0	0	30s	100	1	6831
g	894	1434	5	5	0	0	30s	100	1	6831
g	908	1433	5	5	0	0	30s	100	1	6831
g	900	1444	5	5	0	0	30s	100	1	6831
g	1506	529	5	5	0	0	30s	100	1	6831
g	1500	518	5	5	0	0	30s	100	1	6831
g	1516	533	5	5	0	0	30s	100	1	6831
g	290	604	5	5	0	0	30s	100	1	6831
g	282	745	5	5	0	0	30s	100	1	6831
g	1094	671	5	5	0	0	30s	100	1	6831
g	1108	675	5	5	0	0	30s	100	1	6831
g	1106	666	5	5	0	0	30s	100	1	6831
g	1324	230	5	5	0	0	30s	100	1	6831
g	160	460	5	5	0	0	30s	100	1	6832
g	217	462	5	5	0	0	30s	100	1	6832
g	219	423	5	5	0	0	30s	100	1	6832
g	415	518	5	5	0	0	30s	100	1	6832
g	531	537	5	5	0	0	30s	100	1	6832
g	518	415	5	5	0	0	30s	100	1	6832
g	73	648	5	5	0	0	30s	100	1	6832
g	72	714	5	5	0	0	30s	100	1	6832
g	20	748	5	5	0	0	30s	100	1	6832
g	66	813	5	5	0	0	30s	100	1	6832
g	72	789	5	5	0	0	30s	100	1	6832
g	211	740	5	5	0	0	30s	100	1	6832
g	148	745	5	5	0	0	30s	100	1	6832
g	270	803	5	5	0	0	30s	100	1	6832
g	281	653	5	5	0	0	30s	100	1	6832
g	301	533	5	5	0	0	30s	100	1	6832
g	435	530	5	5	0	0	30s	100	1	6832
g	438	302	5	5	0	0	30s	100	1	6832
g	424	254	5	5	0	0	30s	100	1	6832
g	569	118	5	5	0	0	30s	100	1	6832
g	508	75	5	5	0	0	30s	100	1	6832
g	439	54	5	5	0	0	30s	100	1	6832
g	418	61	5	5	0	0	30s	100	1	6832
g	369	51	5	5	0	0	30s	100	1	6832
g	337	66	5	5	0	0	30s	100	1	6832
g	303	52	5	5	0	0	30s	100	1	6832
g	278	97	5	5	0	0	30s	100	1	6832
g	299	118	5	5	0	0	30s	100	1	6832
g	267	145	5	5	0	0	30s	100	1	6832
g	1316	172	5	5	0	0	30s	100	1	6832
g	1326	205	5	5	0	0	30s	100	1	6832
g	1440	342	5	5	0	0	30s	100	1	6832
g	1433	253	5	5	0	0	30s	100	1	6832
g	1434	165	5	5	0	0	30s	100	1	6832
g	1459	533	5	5	0	0	30s	100	1	6832
g	1441	537	5	5	0	0	30s	100	1	6832
g	1405	594	5	5	0	0	30s	100	1	6832
g	1401	620	5	5	0	0	30s	100	1	6832
g	1390	680	5	5	0	0	30s	100	1	6832
g	1242	719	5	5	0	0	30s	100	1	6832
g	1243	770	5	5	0	0	30s	100	1	6832
g	1264	792	5	5	0	0	30s	100	1	6832
g	1243	819	5	5	0	0	30s	100	1	6832
g	1260	840	5	5	0	0	30s	100	1	6832
g	1244	859	5	5	0	0	30s	100	1	6832
g	1264	893	5	5	0	0	30s	100	1	6832
g	1167	919	5	5	0	0	30s	100	1	6832
g	1096	987	5	5	0	0	30s	100	1	6832
g	1048	991	5	5	0	0	30s	100	1	6832
g	1022	990	5	5	0	0	30s	100	1	6832
g	997	1011	5	5	0	0	30s	100	1	6832
g	970	992	5	5	0	0	30s	100	1	6832
g	946	1012	5	5	0	0	30s	100	1	6832
g	919	988	5	5	0	0	30s	100	1	6832
g	884	971	5	5	0	0	30s	100	1	6832
g	899	938	5	5	0	0	30s	100	1	6832
g	877	912	5	5	0	0	30s	100	1	6832
g	897	879	5	5	0	0	30s	100	1	6832
g	871	854	5	5	0	0	30s	100	1	6832
g	891	826	5	5	0	0	30s	100	1	6832
g	891	785	5	5	0	0	30s	100	1	6832
g	873	786	5	5	0	0	30s	100	1	6832
g	705	791	5	5	0	0	30s	100	1	6832
g	747	770	5	5	0	0	30s	100	1	6832
g	527	790	5	5	0	0	30s	100	1	6832
g	711	672	5	5	0	0	30s	100	1	6832
g	716	515	5	5	0	0	30s	100	1	6832
g	846	1450	5	5	0	0	30s	100	1	6832
g	859	1442	5	5	0	0	30s	100	1	6832
g	945	1437	5	5	0	0	30s	100	1	6832
g	966	1360	5	5	0	0	30s	100	1	6832
g	678	1215	5	5	0	0	30s	100	1	6832
g	699	1173	5	5	0	0	30s	100	1	6832
g	674	1154	5	5	0	0	30s	100	1	6832
g	698	1127	5	5	0	0	30s	100	1	6832
g	679	1113	5	5	0	0	30s	100	1	6832
g	720	1116	5	5	0	0	30s	100	1	6832
g	745	1095	5	5	0	0	30s	100	1	6832
g	750	1064	5	5	0	0	30s	100	1	6832
g	776	1030	5	5	0	0	30s	100	1	6832
g	695	983	5	5	0	0	30s	100	1	6832
g	725	1007	5	5	0	0	30s	100	1	6832
g	747	964	5	5	0	0	30s	100	1	6832
g	773	934	5	5	0	0	30s	100	1	6832
g	751	915	5	5	0	0	30s	100	1	6832
g	772	886	5	5	0	0	30s	100	1	6832
g	770	866	5	5	0	0	30s	100	1	6832
g	750	861	5	5	0	0	30s	100	1	6832
g	554	881	5	5	0	0	30s	100	1	6832
g	555	898	5	5	0	0	30s	100	1	6832
g	628	928	5	5	0	0	30s	100	1	6832
g	630	972	5	5	0	0	30s	100	1	6832
g	629	993	5	5	0	0	30s	100	1	6832
g	607	1010	5	5	0	0	30s	100	1	6832
g	576	991	5	5	0	0	30s	100	1	6832
g	552	1006	5	5	0	0	30s	100	1	6832
g	538	983	5	5	0	0	30s	100	1	6832
g	506	1008	5	5	0	0	30s	100	1	6832
g	479	969	5	5	0	0	30s	100	1	6832
g	1508	933	5	5	0	0	30s	100	1	6832
g	1481	917	5	5	0	0	30s	100	1	6832
g	1454	939	5	5	0	0	30s	100	1	6832
g	1436	919	5	5	0	0	30s	100	1	6832
g	1396	769	5	5	0	0	30s	100	1	6832
g	1426	788	5	5	0	0	30s	100	1	6832
g	1517	782	5	5	0	0	30s	100	1	6832
g	1498	750	5	5	0	0	30s	100	1	6832
g	1497	711	5	5	0	0	30s	100	1	6832
g	1517	679	5	5	0	0	30s	100	1	6832
g	1505	596	5	5	0	0	30s	100	1	6832
g	1508	446	5	5	0	0	30s	100	1	6832
g	1508	399	5	5	0	0	30s	100	1	6832
g	1428	194	5	5	0	0	30s	100	1	6832
g	902	1388	5	5	0	0	30s	100	1	6833
g	1016	1376	5	5	0	0	30s	100	1	6833
g	1493	923	5	5	0	0	30s	100	1	6833
g	1339	927	5	5	0	0	30s	100	1	6833
g	1300	931	5	5	0	0	30s	100	1	6833
g	1251	999	5	5	0	0	30s	100	1	6833
g	1260	1031	5	5	0	0	30s	100	1	6833
g	1109	873	5	5	0	0	30s	100	1	6833
g	1104	837	5	5	0	0	30s	100	1	6833
g	1112	747	5	5	0	0	30s	100	1	6833
g	1103	598	5	5	0	0	30s	100	1	6833
g	1114	572	5	5	0	0	30s	100	1	6833
g	1106	461	5	5	0	0	30s	100	1	6833
g	1108	422	5	5	0	0	30s	100	1	6833
g	1108	373	5	5	0	0	30s	100	1	6833
g	1142	303	5	5	0	0	30s	100	1	6833
g	1143	318	5	5	0	0	30s	100	1	6833
g	637	523	5	5	0	0	30s	100	1	6833
g	1321	377	5	5	0	0	30s	100	1	6833
g	1326	436	5	5	0	0	30s	100	1	6833
g	1325	466	5	5	0	0	30s	100	1	6833
g	1359	531	5	5	0	0	30s	100	1	6833
g	1268	521	5	5	0	0	30s	100	1	6833
g	1235	526	5	5	0	0	30s	100	1	6833
g	1189	528	5	5	0	0	30s	100	1	6833
g	1103	434	5	5	0	0	30s	100	1	6833
g	730	527	5	5	0	0	30s	100	1	6833
g	233	743	5	5	0	0	30s	100	1	6833
g	290	740	5	5	0	0	30s	100	1	6833
g	282	688	5	5	0	0	30s	100	1	6833
g	229	600	5	5	0	0	30s	100	1	6833
g	187	602	5	5	0	0	30s	100	1	6833
g	130	599	5	5	0	0	30s	100	1	6833
g	57	679	5	5	0	0	30s	100	1	6833
g	76	533	5	5	0	0	30s	100	1	6833
g	63	394	5	5	0	0	30s	100	1	6833
g	100	389	5	5	0	0	30s	100	1	6833
g	121	378	5	5	0	0	30s	100	1	6833
g	134	394	5	5	0	0	30s	100	1	6833
g	131	443	5	5	0	0	30s	100	1	6833
g	199	466	5	5	0	0	30s	100	1	6833
g	1029	1003	5	5	0	0	30s	100	1	6833
g	1081	1011	5	5	0	0	30s	100	1	6833
g	1114	985	5	5	0	0	30s	100	1	6833
g	1104	910	5	5	0	0	30s	100	1	6833
g	1250	928	5	5	0	0	30s	100	1	6833
g	1260	977	5	5	0	0	30s	100	1	6833
g	1258	1018	5	5	0	0	30s	100	1	6833
g	1441	934	5	5	0	0	30s	100	1	6833
g	1392	846	5	5	0	0	30s	100	1	6833
g	1387	793	5	5	0	0	30s	100	1	6833
g	1423	775	5	5	0	0	30s	100	1	6833
g	1349	674	5	5	0	0	30s	100	1	6833
g	1306	674	5	5	0	0	30s	100	1	6833
g	766	908	5	5	0	0	30s	100	1	6833
g	757	945	5	5	0	0	30s	100	1	6833
g	763	999	5	5	0	0	30s	100	1	6833
g	638	886	5	5	0	0	30s	100	1	6833
g	495	883	5	5	0	0	30s	100	1	6833
g	487	785	5	5	0	0	30s	100	1	6833
g	640	787	5	5	0	0	30s	100	1	6833
g	819	778	5	5	0	0	30s	100	1	6833
g	817	675	5	5	0	0	30s	100	1	6833
g	970	527	5	5	0	0	30s	100	1	6833
g	957	383	5	5	0	0	30s	100	1	6833
g	1124	316	5	5	0	0	30s	100	1	6833
g	1428	318	5	5	0	0	30s	100	1	6833
g	1248	684	5	5	0	0	30s	100	1	6833
g	1116	675	5	5	0	0	30s	100	1	6833
g	1117	928	5	5	0	0	30s	100	1	6833
g	1390	933	5	5	0	0	30s	100	1	6833
g	1089	1001	5	5	0	0	30s	100	1	6833
g	1059	1015	5	5	0	0	30s	100	1	6833
g	979	1003	5	5	0	0	30s	100	1	6833
g	954	1005	5	5	0	0	30s	100	1	6833
g	904	1005	5	5	0	0	30s	100	1	6833
g	883	989	5	5	0	0	30s	100	1	6833
g	881	949	5	5	0	0	30s	100	1	6833
g	885	915	5	5	0	0	30s	100	1	6833
g	886	872	5	5	0	0	30s	100	1	6833
g	884	837	5	5	0	0	30s	100	1	6833
g	889	797	5	5	0	0	30s	100	1	6833
g	841	793	5	5	0	0	30s	100	1	6833
g	756	785	5	5	0	0	30s	100	1	6833
g	704	778	5	5	0	0	30s	100	1	6833
g	481	949	5	5	0	0	30s	100	1	6833
g	497	996	5	5	0	0	30s	100	1	6833
g	615	997	5	5	0	0	30s	100	1	6833
g	288	776	5	5	0	0	30s	100	1	6833
g	282	708	5	5	0	0	30s	100	1	6833
g	285	596	5	5	0	0	30s	100	1	6833
g	67	604	5	5	0	0	30s	100	1	6833
g	63	750	5	5	0	0	30s	100	1	6833
g	30	738	5	5	0	0	30s	100	1	6833
g	74	696	5	5	0	0	30s	100	1	6833
g	71	664	5	5	0	0	30s	100	1	6833
g	59	642	5	5	0	0	30s	100	1	6833
g	65	531	5	5	0	0	30s	100	1	6833
g	64	452	5	5	0	0	30s	100	1	6833
g	79	387	5	5	0	0	30s	100	1	6833
g	217	382	5	5	0	0	30s	100	1	6833
g	193	452	5	5	0	0	30s	100	1	6833
g	287	387	5	5	0	0	30s	100	1	6833
g	330	381	5	5	0	0	30s	100	1	6833
g	362	387	5	5	0	0	30s	100	1	6833
g	415	377	5	5	0	0	30s	100	1	6833
g	425	344	5	5	0	0	30s	100	1	6833
g	426	290	5	5	0	0	30s	100	1	6833
g	467	206	5	5	0	0	30s	100	1	6833
g	493	204	5	5	0	0	30s	100	1	6833
g	501	90	5	5	0	0	30s	100	1	6833
g	486	60	5	5	0	0	30s	100	1	6833
g	456	62	5	5	0	0	30s	100	1	6833
g	392	52	5	5	0	0	30s	100	1	6833
g	357	68	5	5	0	0	30s	100	1	6833
g	320	54	5	5	0	0	30s	100	1	6833
g	277	73	5	5	0	0	30s	100	1	6833
g	287	117	5	5	0	0	30s	100	1	6833
g	286	157	5	5	0	0	30s	100	1	6833
g	227	207	5	5	0	0	30s	100	1	6833
g	290	240	5	5	0	0	30s	100	1	6833
g	287	283	5	5	0	0	30s	100	1	6833
g	275	312	5	5	0	0	30s	100	1	6833
g	333	211	5	5	0	0	30s	100	1	6833
g	365	194	5	5	0	0	30s	100	1	6833
g	316	189	5	5	0	0	30s	100	1	6833
g	644	130	5	5	0	0	30s	100	1	6833
g	650	84	5	5	0	0	30s	100	1	6833
g	520	436	5	5	0	0	30s	100	1	6833
g	519	468	5	5	0	0	30s	100	1	6833
g	519	500	5	5	0	0	30s	100	1	6833
g	519	522	5	5	0	0	30s	100	1	6833
g	630	537	5	5	0	0	30s	100	1	6833
g	676	526	5	5	0	0	30s	100	1	6833
g	696	537	5	5	0	0	30s	100	1	6833
g	761	530	5	5	0	0	30s	100	1	6833
g	816	583	5	5	0	0	30s	100	1	6833
g	817	615	5	5	0	0	30s	100	1	6833
g	740	674	5	5	0	0	30s	100	1	6833
g	885	673	5	5	0	0	30s	100	1	6833
g	912	672	5	5	0	0	30s	100	1	6833
g	948	675	5	5	0	0	30s	100	1	6833
g	964	645	5	5	0	0	30s	100	1	6833
g	964	604	5	5	0	0	30s	100	1	6833
g	963	576	5	5	0	0	30s	100	1	6833
g	959	461	5	5	0	0	30s	100	1	6833
g	956	429	5	5	0	0	30s	100	1	6833
g	1059	527	5	5	0	0	30s	100	1	6833
g	1252	126	5	5	0	0	30s	100	1	6833
g	1276	126	5	5	0	0	30s	100	1	6833
g	1251	757	5	5	0	0	30s	100	1	6833
g	1255	815	5	5	0	0	30s	100	1	6833
g	1109	818	5	5	0	0	30s	100	1	6833
g	57	901	5	5	0	0	30s	100	1	6834
g	69	922	5	5	0	0	30s	100	1	6834
g	55	945	5	5	0	0	30s	100	1	6834
g	70	961	5	5	0	0	30s	100	1	6834
g	59	988	5	5	0	0	30s	100	1	6834
g	71	1018	5	5	0	0	30s	100	1	6834
g	56	1048	5	5	0	0	30s	100	1	6834
g	69	1079	5	5	0	0	30s	100	1	6834
g	56	1109	5	5	0	0	30s	100	1	6834
g	84	1108	5	5	0	0	30s	100	1	6834
g	110	1120	5	5	0	0	30s	100	1	6834
g	136	1107	5	5	0	0	30s	100	1	6834
g	155	1118	5	5	0	0	30s	100	1	6834
g	165	1143	5	5	0	0	30s	100	1	6834
g	146	1176	5	5	0	0	30s	100	1	6834
g	161	1204	5	5	0	0	30s	100	1	6834
g	144	1233	5	5	0	0	30s	100	1	6834
g	159	1265	5	5	0	0	30s	100	1	6834
g	59	1471	5	5	0	0	30s	100	1	6834
g	71	1442	5	5	0	0	30s	100	1	6834
g	57	1413	5	5	0	0	30s	100	1	6834
g	73	1382	5	5	0	0	30s	100	1	6834
g	56	1355	5	5	0	0	30s	100	1	6834
g	72	1321	5	5	0	0	30s	100	1	6834
g	58	1290	5	5	0	0	30s	100	1	6834
g	86	1301	5	5	0	0	30s	100	1	6834
g	109	1284	5	5	0	0	30s	100	1	6834
g	135	1302	5	5	0	0	30s	100	1	6834
g	191	1285	5	5	0	0	30s	100	1	6834
g	211	1300	5	5	0	0	30s	100	1	6834
g	238	1264	5	5	0	0	30s	100	1	6834
g	252	1229	5	5	0	0	30s	100	1	6834
g	240	1203	5	5	0	0	30s	100	1	6834
g	254	1167	5	5	0	0	30s	100	1	6834
g	237	1143	5	5	0	0	30s	100	1	6834
g	251	1108	5	5	0	0	30s	100	1	6834
g	238	1083	5	5	0	0	30s	100	1	6834
g	253	1050	5	5	0	0	30s	100	1	6834
g	238	1014	5	5	0	0	30s	100	1	6834
g	253	989	5	5	0	0	30s	100	1	6834
g	238	960	5	5	0	0	30s	100	1	6834
g	251	929	5	5	0	0	30s	100	1	6834
g	239	898	5	5	0	0	30s	100	1	6834
g	251	872	5	5	0	0	30s	100	1	6834
g	241	835	5	5	0	0	30s	100	1	6834
g	217	847	5	5	0	0	30s	100	1	6834
g	197	835	5	5	0	0	30s	100	1	6834
g	166	849	5	5	0	0	30s	100	1	6834
g	151	833	5	5	0	0	30s	100	1	6834
g	117	836	5	5	0	0	30s	100	1	6834
g	131	863	5	5	0	0	30s	100	1	6834
g	115	878	5	5	0	0	30s	100	1	6834
g	99	984	5	5	0	0	30s	100	1	6834
g	123	999	5	5	0	0	30s	100	1	6834
g	147	983	5	5	0	0	30s	100	1	6834
g	168	999	5	5	0	0	30s	100	1	6834
g	195	986	5	5	0	0	30s	100	1	6834
g	211	998	5	5	0	0	30s	100	1	6834
g	277	998	5	5	0	0	30s	100	1	6834
g	320	985	5	5	0	0	30s	100	1	6834
g	337	998	5	5	0	0	30s	100	1	6834
g	360	989	5	5	0	0	30s	100	1	6834
g	383	1000	5	5	0	0	30s	100	1	6834
g	403	988	5	5	0	0	30s	100	1	6834
g	434	1014	5	5	0	0	30s	100	1	6834
g	419	1031	5	5	0	0	30s	100	1	6834
g	418	1068	5	5	0	0	30s	100	1	6834
g	428	1109	5	5	0	0	30s	100	1	6834
g	395	1120	5	5	0	0	30s	100	1	6834
g	371	1104	5	5	0	0	30s	100	1	6834
g	342	1120	5	5	0	0	30s	100	1	6834
g	322	1105	5	5	0	0	30s	100	1	6834
g	284	1105	5	5	0	0	30s	100	1	6834
g	275	1286	5	5	0	0	30s	100	1	6834
g	289	1300	5	5	0	0	30s	100	1	6834
g	315	1286	5	5	0	0	30s	100	1	6834
g	330	1299	5	5	0	0	30s	100	1	6834
g	428	1233	5	5	0	0	30s	100	1	6834
g	442	1214	5	5	0	0	30s	100	1	6834
g	430	1184	5	5	0	0	30s	100	1	6834
g	458	1194	5	5	0	0	30s	100	1	6834
g	475	1180	5	5	0	0	30s	100	1	6834
g	514	1184	5	5	0	0	30s	100	1	6834
g	536	1195	5	5	0	0	30s	100	1	6834
g	560	1179	5	5	0	0	30s	100	1	6834
g	551	1151	5	5	0	0	30s	100	1	6834
g	564	1139	5	5	0	0	30s	100	1	6834
g	518	1093	5	5	0	0	30s	100	1	6834
g	536	1103	5	5	0	0	30s	100	1	6834
g	581	1089	5	5	0	0	30s	100	1	6834
g	549	1060	5	5	0	0	30s	100	1	6834
g	484	1287	5	5	0	0	30s	100	1	6834
g	531	1287	5	5	0	0	30s	100	1	6834
g	556	1299	5	5	0	0	30s	100	1	6834
g	585	1283	5	5	0	0	30s	100	1	6834
g	601	1296	5	5	0	0	30s	100	1	6834
g	638	1282	5	5	0	0	30s	100	1	6834
g	661	1298	5	5	0	0	30s	100	1	6834
g	681	1255	5	5	0	0	30s	100	1	6834
g	710	1283	5	5	0	0	30s	100	1	6834
g	687	1314	5	5	0	0	30s	100	1	6834
g	688	1368	5	5	0	0	30s	100	1	6834
g	526	1482	5	5	0	0	30s	100	1	6834
g	535	1455	5	5	0	0	30s	100	1	6834
g	522	1415	5	5	0	0	30s	100	1	6834
g	548	1432	5	5	0	0	30s	100	1	6834
g	572	1416	5	5	0	0	30s	100	1	6834
g	596	1431	5	5	0	0	30s	100	1	6834
g	344	1449	5	5	0	0	30s	100	1	6834
g	371	1462	5	5	0	0	30s	100	1	6834
g	404	1449	5	5	0	0	30s	100	1	6834
g	434	1459	5	5	0	0	30s	100	1	6834
g	431	1426	5	5	0	0	30s	100	1	6834
g	445	1395	5	5	0	0	30s	100	1	6834
g	385	1284	5	5	0	0	30s	100	1	6834
g	239	1353	5	5	0	0	30s	100	1	6834
g	250	1315	5	5	0	0	30s	100	1	6834
g	243	1290	5	5	0	0	30s	100	1	6834
g	340	891	5	5	0	0	30s	100	1	6834
g	378	931	5	5	0	0	30s	100	1	6834
g	414	897	5	5	0	0	30s	100	1	6834
g	376	866	5	5	0	0	30s	100	1	6834
g	378	892	5	5	0	0	30s	100	1	6834
g	349	652	5	5	0	0	30s	100	1	6834
g	388	614	5	5	0	0	30s	100	1	6834
g	427	646	5	5	0	0	30s	100	1	6834
g	385	687	5	5	0	0	30s	100	1	6834
g	634	212	5	5	0	0	30s	100	1	6834
g	652	238	5	5	0	0	30s	100	1	6834
g	637	261	5	5	0	0	30s	100	1	6834
g	648	284	5	5	0	0	30s	100	1	6834
g	615	299	5	5	0	0	30s	100	1	6834
g	645	335	5	5	0	0	30s	100	1	6834
g	680	300	5	5	0	0	30s	100	1	6834
g	731	298	5	5	0	0	30s	100	1	6834
g	760	299	5	5	0	0	30s	100	1	6834
g	761	333	5	5	0	0	30s	100	1	6834
g	815	86	5	5	0	0	30s	100	1	6834
g	732	124	5	5	0	0	30s	100	1	6834
g	759	137	5	5	0	0	30s	100	1	6834
g	786	122	5	5	0	0	30s	100	1	6834
g	812	122	5	5	0	0	30s	100	1	6834
g	824	150	5	5	0	0	30s	100	1	6834
g	813	212	5	5	0	0	30s	100	1	6834
g	813	243	5	5	0	0	30s	100	1	6834
g	849	243	5	5	0	0	30s	100	1	6834
g	875	254	5	5	0	0	30s	100	1	6834
g	900	241	5	5	0	0	30s	100	1	6834
g	915	265	5	5	0	0	30s	100	1	6834
g	904	287	5	5	0	0	30s	100	1	6834
g	1037	1215	5	5	0	0	30s	100	1	6834
g	1067	1229	5	5	0	0	30s	100	1	6834
g	1106	1127	5	5	0	0	30s	100	1	6834
g	1128	1136	5	5	0	0	30s	100	1	6834
g	1156	1125	5	5	0	0	30s	100	1	6834
g	1185	1141	5	5	0	0	30s	100	1	6834
g	1220	1126	5	5	0	0	30s	100	1	6834
g	1248	1140	5	5	0	0	30s	100	1	6834
g	1278	1124	5	5	0	0	30s	100	1	6834
g	1296	1157	5	5	0	0	30s	100	1	6834
g	1272	1174	5	5	0	0	30s	100	1	6834
g	1291	1192	5	5	0	0	30s	100	1	6834
g	1277	1218	5	5	0	0	30s	100	1	6834
g	1289	1251	5	5	0	0	30s	100	1	6834
g	1273	1276	5	5	0	0	30s	100	1	6834
g	1289	1306	5	5	0	0	30s	100	1	6834
g	1096	1171	5	5	0	0	30s	100	1	6834
g	1108	1191	5	5	0	0	30s	100	1	6834
g	1096	1249	5	5	0	0	30s	100	1	6834
g	1110	1278	5	5	0	0	30s	100	1	6834
g	1094	1304	5	5	0	0	30s	100	1	6834
g	1122	1321	5	5	0	0	30s	100	1	6834
g	1146	1307	5	5	0	0	30s	100	1	6834
g	1170	1319	5	5	0	0	30s	100	1	6834
g	1202	1307	5	5	0	0	30s	100	1	6834
g	1227	1318	5	5	0	0	30s	100	1	6834
g	1256	1307	5	5	0	0	30s	100	1	6834
g	1279	1339	5	5	0	0	30s	100	1	6834
g	1282	1364	5	5	0	0	30s	100	1	6834
g	1399	997	5	5	0	0	30s	100	1	6834
g	1389	1027	5	5	0	0	30s	100	1	6834
g	1404	1047	5	5	0	0	30s	100	1	6834
g	1390	1079	5	5	0	0	30s	100	1	6834
g	1404	1104	5	5	0	0	30s	100	1	6834
g	1393	1130	5	5	0	0	30s	100	1	6834
g	1429	1125	5	5	0	0	30s	100	1	6834
g	1480	1130	5	5	0	0	30s	100	1	6834
g	1513	1127	5	5	0	0	30s	100	1	6834
g	1472	1037	5	5	0	0	30s	100	1	6834
g	1497	1049	5	5	0	0	30s	100	1	6834
g	1520	1036	5	5	0	0	30s	100	1	6834
g	1520	1070	5	5	0	0	30s	100	1	6834
g	1507	1093	5	5	0	0	30s	100	1	6834
g	1511	1165	5	5	0	0	30s	100	1	6834
g	1523	1186	5	5	0	0	30s	100	1	6834
g	1513	1211	5	5	0	0	30s	100	1	6834
g	1521	1238	5	5	0	0	30s	100	1	6834
g	1511	1269	5	5	0	0	30s	100	1	6834
g	1515	1292	5	5	0	0	30s	100	1	6834
g	1519	1338	5	5	0	0	30s	100	1	6834
g	1480	1337	5	5	0	0	30s	100	1	6834
g	1435	1338	5	5	0	0	30s	100	1	6834
g	1423	1363	5	5	0	0	30s	100	1	6834
g	1425	1388	5	5	0	0	30s	100	1	6834
g	558	1070	5	5	0	0	30s	100	1	6834
g	560	1095	5	5	0	0	30s	100	1	6834
g	552	1111	5	5	0	0	30s	100	1	6834
g	575	1109	5	5	0	0	30s	100	1	6834
g	353	891	5	5	0	0	30s	100	1	6834
g	392	887	5	5	0	0	30s	100	1	6834
g	381	911	5	5	0	0	30s	100	1	6834
g	370	886	5	5	0	0	30s	100	1	6834
g	424	1269	5	5	0	0	30s	100	1	6834
g	449	1277	5	5	0	0	30s	100	1	6834
g	427	1301	5	5	0	0	30s	100	1	6834
g	454	1305	5	5	0	0	30s	100	1	6834
g	233	1445	5	5	0	0	30s	100	1	6834
g	251	1453	5	5	0	0	30s	100	1	6834
g	238	1474	5	5	0	0	30s	100	1	6834
g	246	1507	5	5	0	0	30s	100	1	6834
g	287	1451	5	5	0	0	30s	100	1	6834
g	678	1406	5	5	0	0	30s	100	1	6834
g	702	1421	5	5	0	0	30s	100	1	6834
g	698	1439	5	5	0	0	30s	100	1	6834
g	675	1434	5	5	0	0	30s	100	1	6834
g	677	1424	5	5	0	0	30s	100	1	6834
g	676	1278	5	5	0	0	30s	100	1	6834
g	694	1294	5	5	0	0	30s	100	1	6834
g	1269	1434	5	5	0	0	30s	100	1	6834
g	1293	1432	5	5	0	0	30s	100	1	6834
g	1282	1468	5	5	0	0	30s	100	1	6834
g	1272	1468	5	5	0	0	30s	100	1	6834
g	1432	1428	5	5	0	0	30s	100	1	6834
g	1433	1459	5	5	0	0	30s	100	1	6834
g	1408	1450	5	5	0	0	30s	100	1	6834
g	1410	1430	5	5	0	0	30s	100	1	6834
g	1388	1056	5	5	0	0	30s	100	1	6834
g	1394	1109	5	5	0	0	30s	100	1	6834
g	1103	1216	5	5	0	0	30s	100	1	6834
g	1096	1280	5	5	0	0	30s	100	1	6834
g	1123	1305	5	5	0	0	30s	100	1	6834
g	1469	1445	5	5	0	0	30s	100	1	6834
g	1430	1500	5	5	0	0	30s	100	1	6834
g	1279	1485	5	5	0	0	30s	100	1	6834
g	436	1332	5	5	0	0	30s	100	1	6834
g	252	1435	5	5	0	0	30s	100	1	6834
g	245	1410	5	5	0	0	30s	100	1	6834
g	189	1453	5	5	0	0	30s	100	1	6834
g	81	989	5	5	0	0	30s	100	1	6834
g	106	1105	5	5	0	0	30s	100	1	6834
g	148	1152	5	5	0	0	30s	100	1	6834
g	156	1231	5	5	0	0	30s	100	1	6834
g	156	1290	5	5	0	0	30s	100	1	6834
g	224	1291	5	5	0	0	30s	100	1	6834
g	63	1441	5	5	0	0	30s	100	1	6834
g	70	1408	5	5	0	0	30s	100	1	6834
g	60	1379	5	5	0	0	30s	100	1	6834
g	381	1453	5	5	0	0	30s	100	1	6834
g	398	652	5	5	0	0	30s	100	1	6834
g	376	655	5	5	0	0	30s	100	1	6834
g	478	643	5	5	0	0	30s	100	1	6834
g	502	644	5	5	0	0	30s	100	1	6834
g	498	671	5	5	0	0	30s	100	1	6834
g	479	672	5	5	0	0	30s	100	1	6834
g	632	402	5	5	0	0	30s	100	1	6834
g	657	402	5	5	0	0	30s	100	1	6834
g	645	430	5	5	0	0	30s	100	1	6834
g	639	419	5	5	0	0	30s	100	1	6834
g	639	300	5	5	0	0	30s	100	1	6834
g	667	306	5	5	0	0	30s	100	1	6834
g	641	241	5	5	0	0	30s	100	1	6834
g	913	115	5	5	0	0	30s	100	1	6834
g	941	128	5	5	0	0	30s	100	1	6834
g	922	152	5	5	0	0	30s	100	1	6834
g	903	140	5	5	0	0	30s	100	1	6834
g	1130	112	5	5	0	0	30s	100	1	6834
g	1143	124	5	5	0	0	30s	100	1	6834
g	1129	151	5	5	0	0	30s	100	1	6834
g	1109	123	5	5	0	0	30s	100	1	6834
g	1109	123	5	5	0	0	30s	100	1	6834
g	642	350	5	5	0	0	30s	100	1	6834
g	763	316	5	5	0	0	30s	100	1	6834
g	768	345	5	5	0	0	30s	100	1	6834
g	835	252	5	5	0	0	30s	100	1	6834
g	879	239	5	5	0	0	30s	100	1	6834
g	906	268	5	5	0	0	30s	100	1	6834
g	825	196	5	5	0	0	30s	100	1	6834
g	812	146	5	5	0	0	30s	100	1	6834
g	830	121	5	5	0	0	30s	100	1	6834
g	820	89	5	5	0	0	30s	100	1	6834
g	914	133	5	5	0	0	30s	100	1	6834
g	1111	134	5	5	0	0	30s	100	1	6834
g	1130	138	5	5	0	0	30s	100	1	6834
g	969	122	5	5	0	0	30s	100	1	6834
g	83	1288	5	5	0	0	30s	100	1	6834
g	391	665	5	5	0	0	30s	100	1	6834
g	383	646	5	5	0	0	30s	100	1	6836
g	378	665	5	5	0	0	30s	100	1	6836
g	404	662	5	5	0	0	30s	100	1	6836
g	478	659	5	5	0	0	30s	100	1	6836
g	495	659	5	5	0	0	30s	100	1	6836
g	491	631	5	5	0	0	30s	100	1	6836
g	622	400	5	5	0	0	30s	100	1	6836
g	647	384	5	5	0	0	30s	100	1	6836
g	647	413	5	5	0	0	30s	100	1	6836
g	638	305	5	5	0	0	30s	100	1	6836
g	660	295	5	5	0	0	30s	100	1	6836
g	370	905	5	5	0	0	30s	100	1	6836
g	394	899	5	5	0	0	30s	100	1	6836
g	427	1278	5	5	0	0	30s	100	1	6836
g	452	1297	5	5	0	0	30s	100	1	6836
g	430	1306	5	5	0	0	30s	100	1	6836
g	409	1290	5	5	0	0	30s	100	1	6836
g	373	1298	5	5	0	0	30s	100	1	6836
g	333	1293	5	5	0	0	30s	100	1	6836
g	264	1298	5	5	0	0	30s	100	1	6836
g	197	1294	5	5	0	0	30s	100	1	6836
g	238	1295	5	5	0	0	30s	100	1	6836
g	244	1284	5	5	0	0	30s	100	1	6836
g	165	1296	5	5	0	0	30s	100	1	6836
g	231	1457	5	5	0	0	30s	100	1	6836
g	270	1463	5	5	0	0	30s	100	1	6836
g	263	1450	5	5	0	0	30s	100	1	6836
g	348	1456	5	5	0	0	30s	100	1	6836
g	435	1388	5	5	0	0	30s	100	1	6836
g	442	1435	5	5	0	0	30s	100	1	6836
g	444	1286	5	5	0	0	30s	100	1	6836
g	691	1441	5	5	0	0	30s	100	1	6836
g	691	1402	5	5	0	0	30s	100	1	6836
g	681	1288	5	5	0	0	30s	100	1	6836
g	696	1252	5	5	0	0	30s	100	1	6836
g	536	1297	5	5	0	0	30s	100	1	6836
g	570	1286	5	5	0	0	30s	100	1	6836
g	1084	1219	5	5	0	0	30s	100	1	6836
g	1100	1252	5	5	0	0	30s	100	1	6836
g	1103	1272	5	5	0	0	30s	100	1	6836
g	1109	1312	5	5	0	0	30s	100	1	6836
g	1142	1318	5	5	0	0	30s	100	1	6836
g	1205	1317	5	5	0	0	30s	100	1	6836
g	1233	1312	5	5	0	0	30s	100	1	6836
g	1277	1310	5	5	0	0	30s	100	1	6836
g	1287	1277	5	5	0	0	30s	100	1	6836
g	1283	1235	5	5	0	0	30s	100	1	6836
g	1280	1166	5	5	0	0	30s	100	1	6836
g	1274	1135	5	5	0	0	30s	100	1	6836
g	1237	1132	5	5	0	0	30s	100	1	6836
g	1194	1133	5	5	0	0	30s	100	1	6836
g	1142	1131	5	5	0	0	30s	100	1	6836
g	1101	1149	5	5	0	0	30s	100	1	6836
g	1275	1444	5	5	0	0	30s	100	1	6836
g	1301	1437	5	5	0	0	30s	100	1	6836
g	1419	1446	5	5	0	0	30s	100	1	6836
g	1441	1437	5	5	0	0	30s	100	1	6836
g	1391	1021	5	5	0	0	30s	100	1	6836
g	811	126	5	5	0	0	30s	100	1	6836
g	831	132	5	5	0	0	30s	100	1	6836
g	819	115	5	5	0	0	30s	100	1	6836
g	928	116	5	5	0	0	30s	100	1	6836
g	1118	111	5	5	0	0	30s	100	1	6836
g	1131	129	5	5	0	0	30s	100	1	6836
g	932	135	5	5	0	0	30s	100	1	6836
g	920	98	5	5	0	0	30s	100	1	6836
g	650	307	5	5	0	0	30s	100	1	6836
g	640	293	5	5	0	0	30s	100	1	6836
g	247	1306	5	5	0	0	30s	100	1	6836
g	248	1468	5	5	0	0	30s	100	1	6836
g	238	992	5	5	0	0	30s	100	1	6836
g	246	997	5	5	0	0	30s	100	1	6836
g	247	981	5	5	0	0	30s	100	1	6836
g	527	1442	5	5	0	0	30s	100	1	6836
g	697	1284	5	5	0	0	30s	100	1	6836
g	1264	1453	5	5	0	0	30s	100	1	6836
g	1415	1462	5	5	0	0	30s	100	1	6836
g	1299	1454	5	5	0	0	30s	100	1	6836
g	1431	1041	5	5	0	0	30s	100	1	6836
g	907	248	5	5	0	0	30s	100	1	6836
g	232	982	5	5	0	0	30s	100	1	6836
g	683	1302	5	5	0	0	30s	100	1	6836
g	547	1097	5	5	0	0	30s	100	1	6836
g	389	644	5	5	0	0	30s	100	1	6836
g	424	657	5	5	0	0	30s	100	1	6836
g	523	656	5	5	0	0	30s	100	1	6836
g	489	608	5	5	0	0	30s	100	1	6836
g	682	406	5	5	0	0	30s	100	1	6836
g	745	306	5	5	0	0	30s	100	1	6836
g	649	256	5	5	0	0	30s	100	1	6836
g	645	200	5	5	0	0	30s	100	1	6836
g	764	118	5	5	0	0	30s	100	1	6836
g	800	135	5	5	0	0	30s	100	1	6836
g	817	101	5	5	0	0	30s	100	1	6836
g	867	130	5	5	0	0	30s	100	1	6836
g	1001	130	5	5	0	0	30s	100	1	6836
g	1035	131	5	5	0	0	30s	100	1	6836
g	1085	128	5	5	0	0	30s	100	1	6836
g	1179	130	5	5	0	0	30s	100	1	6836
g	1128	171	5	5	0	0	30s	100	1	6836
g	600	402	5	5	0	0	30s	100	1	6836
g	647	455	5	5	0	0	30s	100	1	6836
g	137	840	5	5	0	0	30s	100	1	6836
g	69	936	5	5	0	0	30s	100	1	6836
g	57	974	5	5	0	0	30s	100	1	6836
g	127	987	5	5	0	0	30s	100	1	6836
g	155	1137	5	5	0	0	30s	100	1	6836
g	148	1197	5	5	0	0	30s	100	1	6836
g	135	1288	5	5	0	0	30s	100	1	6836
g	255	1291	5	5	0	0	30s	100	1	6836
g	61	1325	5	5	0	0	30s	100	1	6836
g	65	1351	5	5	0	0	30s	100	1	6836
g	248	1127	5	5	0	0	30s	100	1	6836
g	358	1113	5	5	0	0	30s	100	1	6836
g	423	1088	5	5	0	0	30s	100	1	6836
g	433	995	5	5	0	0	30s	100	1	6836
g	421	989	5	5	0	0	30s	100	1	6836
g	281	986	5	5	0	0	30s	100	1	6836
g	419	999	5	5	0	0	30s	100	1	6836
g	250	888	5	5	0	0	30s	100	1	6836
g	246	854	5	5	0	0	30s	100	1	6836
g	377	881	5	5	0	0	30s	100	1	6836
g	378	904	5	5	0	0	30s	100	1	6836
g	560	1087	5	5	0	0	30s	100	1	6836
g	1392	1043	5	5	0	0	30s	100	1	6836
g	1413	1035	5	5	0	0	30s	100	1	6836
g	1395	1093	5	5	0	0	30s	100	1	6836
g	1407	1135	5	5	0	0	30s	100	1	6836
g	1423	1341	5	5	0	0	30s	100	1	6836
g	1419	1435	5	5	0	0	30s	100	1	6836
g	1434	1460	5	5	0	0	30s	100	1	6836
g	1422	1489	5	5	0	0	30s	100	1	6836
g	1461	1440	5	5	0	0	30s	100	1	6836
g	1469	1346	5	5	0	0	30s	100	1	6836
g	1503	1337	5	5	0	0	30s	100	1	6836
g	1511	1354	5	5	0	0	30s	100	1	6836
g	1513	1326	5	5	0	0	30s	100	1	6836
g	1523	1268	5	5	0	0	30s	100	1	6836
g	1511	1235	5	5	0	0	30s	100	1	6836
g	1516	1190	5	5	0	0	30s	100	1	6836
g	1520	1151	5	5	0	0	30s	100	1	6836
g	1521	1111	5	5	0	0	30s	100	1	6836
g	1516	1082	5	5	0	0	30s	100	1	6836
g	1514	1044	5	5	0	0	30s	100	1	6836
g	1395	1067	5	5	0	0	30s	100	1	6836
g	687	1459	5	5	0	0	30s	100	1	6836
g	644	1419	5	5	0	0	30s	100	1	6836
g	723	1422	5	5	0	0	30s	100	1	6836
g	691	1385	5	5	0	0	30s	100	1	6836
g	689	1324	5	5	0	0	30s	100	1	6836
g	722	1289	5	5	0	0	30s	100	1	6836
g	421	1452	5	5	0	0	30s	100	1	6836
g	173	1455	5	5	0	0	30s	100	1	6836
g	249	1340	5	5	0	0	30s	100	1	6836
g	243	1228	5	5	0	0	30s	100	1	6836
g	245	1162	5	5	0	0	30s	100	1	6836
g	428	1067	5	5	0	0	30s	100	1	6836
g	270	1114	5	5	0	0	30s	100	1	6836
g	238	1039	5	5	0	0	30s	100	1	6836
g	105	993	5	5	0	0	30s	100	1	6836
g	62	1053	5	5	0	0	30s	100	1	6836
g	59	1100	5	5	0	0	30s	100	1	6836
g	153	1112	5	5	0	0	30s	100	1	6836
g	157	1124	5	5	0	0	30s	100	1	6836
g	252	1298	5	5	0	0	30s	100	1	6836
g	242	1301	5	5	0	0	30s	100	1	6836
g	242	1445	5	5	0	0	30s	100	1	6836
g	225	1429	5	5	0	0	30s	100	1	6836
g	687	1422	5	5	0	0	30s	100	1	6836
g	1291	1449	5	5	0	0	30s	100	1	6836
g	1285	1431	5	5	0	0	30s	100	1	6836
g	1435	1444	5	5	0	0	30s	100	1	6836
g	1096	1197	5	5	0	0	30s	100	1	6836
g	1053	1224	5	5	0	0	30s	100	1	6836
g	1006	1223	5	5	0	0	30s	100	1	6836
g	825	134	5	5	0	0	30s	100	1	6836
g	912	123	5	5	0	0	30s	100	1	6836
g	923	85	5	5	0	0	30s	100	1	6836
g	998	124	5	5	0	0	30s	100	1	6836
g	1039	123	5	5	0	0	30s	100	1	6836
g	1070	125	5	5	0	0	30s	100	1	6836
g	1083	136	5	5	0	0	30s	100	1	6836
g	1121	143	5	5	0	0	30s	100	1	6836
g	1124	88	5	5	0	0	30s	100	1	6836
g	862	245	5	5	0	0	30s	100	1	6836
g	754	298	5	5	0	0	30s	100	1	6836
g	767	307	5	5	0	0	30s	100	1	6836
g	666	417	5	5	0	0	30s	100	1	6836
g	484	650	5	5	0	0	30s	100	1	6836
g	373	648	5	5	0	0	30s	100	1	6836
g	385	657	5	5	0	0	30s	100	1	6836
g	389	865	5	5	0	0	30s	100	1	6836
g	375	846	5	5	0	0	30s	100	1	6836
g	560	1122	5	5	0	0	30s	100	1	6836
g	565	1098	5	5	0	0	30s	100	1	6836
g	539	1088	5	5	0	0	30s	100	1	6836
g	560	1099	5	5	0	0	30s	100	1	6836
g	255	1452	5	5	0	0	30s	100	1	6836
g	230	1449	5	5	0	0	30s	100	1	6836
g	442	1225	5	5	0	0	30s	100	1	6836
g	408	1111	5	5	0	0	30s	100	1	6836
g	323	1116	5	5	0	0	30s	100	1	6836
g	254	987	5	5	0	0	30s	100	1	6836
g	228	987	5	5	0	0	30s	100	1	6836
g	251	928	5	5	0	0	30s	100	1	6836
g	236	912	5	5	0	0	30s	100	1	6836
g	244	864	5	5	0	0	30s	100	1	6836
g	125	855	5	5	0	0	30s	100	1	6836
g	426	1025	5	5	0	0	30s	100	1	6836
g	965	1218	5	5	0	0	30s	100	1	6831
g	938	1230	5	5	0	0	30s	100	1	6831
g	933	1216	5	5	0	0	30s	100	1	6831
g	817	1240	5	5	0	0	30s	100	1	6831
g	833	1238	5	5	0	0	30s	100	1	6831
g	862	1238	5	5	0	0	30s	100	1	6831
g	893	1242	5	5	0	0	30s	100	1	6831
g	915	1243	5	5	0	0	30s	100	1	6831
g	914	1258	5	5	0	0	30s	100	1	6831
g	887	1262	5	5	0	0	30s	100	1	6831
g	854	1261	5	5	0	0	30s	100	1	6831
g	821	1256	5	5	0	0	30s	100	1	6831
g	847	1250	5	5	0	0	30s	100	1	6831
g	872	1251	5	5	0	0	30s	100	1	6831
g	837	1260	5	5	0	0	30s	100	1	6829
g	848	1247	5	5	0	0	30s	100	1	6829
g	869	1262	5	5	0	0	30s	100	1	6829
g	880	1244	5	5	0	0	30s	100	1	6829
g	905	1255	5	5	0	0	30s	100	1	6829
g	887	1252	5	5	0	0	30s	100	1	6829
g	812	1228	5	5	0	0	30s	100	1	6829
g	823	1226	5	5	0	0	30s	100	1	6829
g	875	1230	5	5	0	0	30s	100	1	6830
g	860	1247	5	5	0	0	30s	100	1	6830
g	902	1249	5	5	0	0	30s	100	1	6830
g	836	1248	5	5	0	0	30s	100	1	6830
g	899	1232	5	5	0	0	30s	100	1	6830
g	845	1229	5	5	0	0	30s	100	1	6832
g	890	1231	5	5	0	0	30s	100	1	6832
g	914	1227	5	5	0	0	30s	100	1	6832
g	808	1240	5	5	0	0	30s	100	1	6832
g	866	1229	5	5	0	0	30s	100	1	6833
g	903	1240	5	5	0	0	30s	100	1	6833
g	873	1243	5	5	0	0	30s	100	1	6833
g	832	1182	5	5	0	0	30s	100	1	6834
g	866	1183	5	5	0	0	30s	100	1	6834
g	896	1183	5	5	0	0	30s	100	1	6834
g	913	1185	5	5	0	0	30s	100	1	6834
g	898	1196	5	5	0	0	30s	100	1	6834
g	826	1197	5	5	0	0	30s	100	1	6834
g	849	1186	5	5	0	0	30s	100	1	6835
g	868	1196	5	5	0	0	30s	100	1	6835
g	885	1187	5	5	0	0	30s	100	1	6835
g	909	1198	5	5	0	0	30s	100	1	6835
g	817	1191	5	5	0	0	30s	100	1	6835
g	816	1202	5	5	0	0	30s	100	1	6836
g	836	1191	5	5	0	0	30s	100	1	6836
g	845	1201	5	5	0	0	30s	100	1	6836
g	851	1181	5	5	0	0	30s	100	1	6836
g	858	1196	5	5	0	0	30s	100	1	6836
g	879	1190	5	5	0	0	30s	100	1	6836
g	878	1184	5	5	0	0	30s	100	1	6836
g	884	1201	5	5	0	0	30s	100	1	6836
g	907	1186	5	5	0	0	30s	100	1	6836
g	909	1186	5	5	0	0	30s	100	1	6836
g	913	1201	5	5	0	0	30s	100	1	6836
g	872	1214	5	5	0	0	30s	100	1	6836
g	910	1211	5	5	0	0	30s	100	1	6836
g	831	1211	5	5	0	0	30s	100	1	6837
g	857	1215	5	5	0	0	30s	100	1	6837
g	895	1212	5	5	0	0	30s	100	1	6837
g	892	1205	5	5	0	0	30s	100	1	6837
g	887	1219	5	5	0	0	30s	100	1	6838
g	905	1210	5	5	0	0	30s	100	1	6838
g	865	1198	5	5	0	0	30s	100	1	6838
g	835	1207	5	5	0	0	30s	100	1	6838
g	809	1215	5	5	0	0	30s	100	1	6838
g	957	1228	5	5	0	0	30s	100	1	6838
g	1000	1214	5	5	0	0	30s	100	1	6838
g	418	1283	5	5	0	0	30s	100	1	6831
g	435	1290	5	5	0	0	30s	100	1	6831
g	442	1276	5	5	0	0	30s	100	1	6831
g	446	1306	5	5	0	0	30s	100	1	6831
g	475	651	5	5	0	0	30s	100	1	6831
g	492	639	5	5	0	0	30s	100	1	6831
g	487	666	5	5	0	0	30s	100	1	6831
g	481	668	5	5	0	0	30s	100	1	6831
g	230	1451	5	5	0	0	30s	100	1	6831
g	250	1445	5	5	0	0	30s	100	1	6831
g	252	1461	5	5	0	0	30s	100	1	6831
g	244	1459	5	5	0	0	30s	100	1	6831
g	1281	1435	5	5	0	0	30s	100	1	6831
g	1303	1453	5	5	0	0	30s	100	1	6831
g	1266	1450	5	5	0	0	30s	100	1	6831
g	1288	1443	5	5	0	0	30s	100	1	6831
g	1424	1432	5	5	0	0	30s	100	1	6831
g	1433	1456	5	5	0	0	30s	100	1	6831
g	1410	1440	5	5	0	0	30s	100	1	6831
g	1428	1433	5	5	0	0	30s	100	1	6831
g	1109	108	5	5	0	0	30s	100	1	6831
g	1124	126	5	5	0	0	30s	100	1	6831
g	1143	118	5	5	0	0	30s	100	1	6831
g	1121	137	5	5	0	0	30s	100	1	6831
g	1143	145	5	5	0	0	30s	100	1	6831
g	1134	127	5	5	0	0	30s	100	1	6831
g	663	389	5	5	0	0	30s	100	1	6831
g	643	397	5	5	0	0	30s	100	1	6831
g	625	383	5	5	0	0	30s	100	1	6831
g	665	420	5	5	0	0	30s	100	1	6831
g	648	421	5	5	0	0	30s	100	1	6831
g	626	418	5	5	0	0	30s	100	1	6831
g	477	637	5	5	0	0	30s	100	1	6831
g	503	660	5	5	0	0	30s	100	1	6831
g	509	646	5	5	0	0	30s	100	1	6831
g	516	669	5	5	0	0	30s	100	1	6831
g	468	654	5	5	0	0	30s	100	1	6831
g	1430	1425	5	5	0	0	30s	100	1	6831
g	1444	1448	5	5	0	0	30s	100	1	6831
g	1429	1454	5	5	0	0	30s	100	1	6831
g	1419	1451	5	5	0	0	30s	100	1	6831
g	1282	1457	5	5	0	0	30s	100	1	6831
g	1282	1456	5	5	0	0	30s	100	1	6831
g	1270	1435	5	5	0	0	30s	100	1	6831
g	1288	1430	5	5	0	0	30s	100	1	6831
g	1280	1446	5	5	0	0	30s	100	1	6831
g	1265	1437	5	5	0	0	30s	100	1	6831
g	665	1410	5	5	0	0	30s	100	1	6831
g	668	1434	5	5	0	0	30s	100	1	6831
g	711	1426	5	5	0	0	30s	100	1	6831
g	710	1400	5	5	0	0	30s	100	1	6831
g	421	1299	5	5	0	0	30s	100	1	6831
g	395	646	5	5	0	0	30s	100	1	6836
g	382	632	5	5	0	0	30s	100	1	6836
g	394	632	5	5	0	0	30s	100	1	6836
g	444	658	5	5	0	0	30s	100	1	6836
g	490	702	5	5	0	0	30s	100	1	6836
g	487	714	5	5	0	0	30s	100	1	6836
g	536	654	5	5	0	0	30s	100	1	6836
g	536	659	5	5	0	0	30s	100	1	6836
g	242	972	5	5	0	0	30s	100	1	6836
g	250	1005	5	5	0	0	30s	100	1	6836
g	246	1033	5	5	0	0	30s	100	1	6836
g	239	1071	5	5	0	0	30s	100	1	6836
g	243	1105	5	5	0	0	30s	100	1	6836
g	55	1013	5	5	0	0	30s	100	1	6836
g	425	1004	5	5	0	0	30s	100	1	6836
g	430	984	5	5	0	0	30s	100	1	6836
g	68	1298	5	5	0	0	30s	100	1	6836
g	75	1284	5	5	0	0	30s	100	1	6836
g	69	1465	5	5	0	0	30s	100	1	6836
g	239	1431	5	5	0	0	30s	100	1	6836
g	417	1463	5	5	0	0	30s	100	1	6836
g	438	1447	5	5	0	0	30s	100	1	6836
g	447	1460	5	5	0	0	30s	100	1	6836
g	523	1433	5	5	0	0	30s	100	1	6836
g	540	1420	5	5	0	0	30s	100	1	6836
g	688	1273	5	5	0	0	30s	100	1	6836
g	626	1298	5	5	0	0	30s	100	1	6836
g	445	1187	5	5	0	0	30s	100	1	6836
g	427	1195	5	5	0	0	30s	100	1	6836
g	553	1193	5	5	0	0	30s	100	1	6836
g	555	1182	5	5	0	0	30s	100	1	6836
g	563	1200	5	5	0	0	30s	100	1	6836
g	389	1109	5	5	0	0	30s	100	1	6836
g	422	1117	5	5	0	0	30s	100	1	6836
g	424	1099	5	5	0	0	30s	100	1	6836
g	72	898	5	5	0	0	30s	100	1	6836
g	67	1111	5	5	0	0	30s	100	1	6836
g	70	1103	5	5	0	0	30s	100	1	6836
g	1455	1336	5	5	0	0	30s	100	1	6836
g	1431	1133	5	5	0	0	30s	100	1	6836
g	651	298	5	5	0	0	30s	100	1	6836
g	766	299	5	5	0	0	30s	100	1	6836
g	1280	1290	5	5	0	0	30s	100	1	6836
g	1275	1246	5	5	0	0	30s	100	1	6836
g	1276	1199	5	5	0	0	30s	100	1	6836
g	1283	1143	5	5	0	0	30s	100	1	6836
g	1287	1126	5	5	0	0	30s	100	1	6836
g	1256	1125	5	5	0	0	30s	100	1	6836
g	1172	1128	5	5	0	0	30s	100	1	6836
g	1144	1141	5	5	0	0	30s	100	1	6836
g	1103	1135	5	5	0	0	30s	100	1	6836
g	1098	1126	5	5	0	0	30s	100	1	6836
g	1073	1213	5	5	0	0	30s	100	1	6836
g	1099	1228	5	5	0	0	30s	100	1	6836
g	1261	1316	5	5	0	0	30s	100	1	6836
g	1273	1307	5	5	0	0	30s	100	1	6836
g	1174	1306	5	5	0	0	30s	100	1	6836
g	1105	1232	5	5	0	0	30s	100	1	6836
g	1126	1130	5	5	0	0	30s	100	1	6836
g	1284	1182	5	5	0	0	30s	100	1	6836
g	1494	1130	5	5	0	0	30s	100	1	6836
g	1488	1032	5	5	0	0	30s	100	1	6836
g	1390	1005	5	5	0	0	30s	100	1	6836
g	1400	1442	5	5	0	0	30s	100	1	6836
g	1377	1442	5	5	0	0	30s	100	1	6836
g	1308	1443	5	5	0	0	30s	100	1	6836
g	1278	1417	5	5	0	0	30s	100	1	6836
g	1276	1392	5	5	0	0	30s	100	1	6836
g	1284	1392	5	5	0	0	30s	100	1	6836
g	693	1413	5	5	0	0	30s	100	1	6836
g	438	1307	5	5	0	0	30s	100	1	6831
g	456	1284	5	5	0	0	30s	100	1	6831
g	440	1270	5	5	0	0	30s	100	1	6831
g	695	1425	5	5	0	0	30s	100	1	6831
g	705	1410	5	5	0	0	30s	100	1	6831
g	670	1413	5	5	0	0	30s	100	1	6831
g	424	1287	5	5	0	0	30s	100	1	6831
