Group	a1_01
{
	Vnum	101
	1	101	1
	2	171	1
}
Group	a1_02
{
	Vnum	102
	1	101	1
	2	102	1
	3	103	1
	4	104	1
	5	171	1
	6	172	1
	7	173	1
	8	174	1
}
Group	a1_03
{
	Vnum	103
	1	105	1
	2	106	1
	3	173	1
	4	174	1
}
Group	a1_04
{
	Vnum	104
	1	107	1
	2	108	1
	3	109	1
	4	110	1
	5	175	1
	6	176	1
	7	177	1
	8	178	1
	9	179	1
}
Group	a1_05
{
	Vnum	105
	1	112	1
	2	113	1
	3	114	1
	4	115	1
	5	116	1
	6	178	1
	7	179	1
	8	180	1
	9	181	1
}
Group	a1_06
{
	Vnum	106
	1	118	10
	2	119	10
	3	120	10
	4	121	10
	5	122	10
	6	180	15
	7	181	15
	8	182	15
	9	183	15
}
Group	a1_07
{
	Vnum	107
	1	124	1
	2	125	1
	3	126	1
	4	184	1
	5	185	1
}
Group	a1_08
{
	Vnum	108
	1	305	1
	2	306	1
	3	307	1
	4	351	1
	5	352	1
}
Group	a1_09
{
	Vnum	109
	1	308	1
	2	309	1
	3	310	1
	4	313	1
	5	351	1
	6	352	1
	7	395	1
	8	396	1
}
Group	a1_10
{
	Vnum	110
	1	309	1
	2	310	1
	3	313	1
	4	315	1
	5	316	1
	6	317	1
	7	395	1
	8	396	1
	9	398	1
	10	397	1
}
Group	a1_11
{
	Vnum	111
	1	30009	1
	2	30010	1
	3	137	1
	4	136	1
	5	135	1
}
