Group	deposit_1
{
	Vnum	2001
	1	20049	35
	2	20050	30
	3	20051	20
	4	20052	15
	5	20047	18
}
Group	deposit_2
{
	Vnum	2002
	1	20049	12
	2	20050	18
	3	20051	20
	4	20052	20
	5	20053	18
	6	20054	12
	7	20047	12
}
Group	deposit_n_three
{
	Vnum	2003
	1	20052	30
	2	20053	25
	3	20054	20
	4	20055	15
	5	20056	10
	6	20047	15
}
Group	deposit_ice
{
	Vnum	2004
	1	20054	5
	2	20055	10
	3	20056	10
	4	20057	15
	5	20058	20
	6	20059	25
	7	20047	7
}
Group	deposit_fire
{
	Vnum	2005
	1	20055	10
	2	20056	10
	3	20057	15
	4	20058	20
	5	20059	25
	6	20047	12
}
Group	deposit_samak
{
	Vnum	2006
	1	20052	12
	2	20053	18
	3	20054	20
	4	20055	20
	5	20056	18
	6	20057	12
	7	20047	12
}
Group	deposit_milgyo
{
	Vnum	2007
	1	20054	10
	2	20055	10
	3	20056	15
	4	20057	20
	5	20058	20
	6	20059	15
	7	20047	10
}
Group	deposit_w20_part1_map
{
	Vnum	2008
	1	20047	10
	2	20057	5
	3	20058	5
	4	20059	5
	5	30301	15
	6	30302	15
	7	30303	15
	8	30304	15
	9	30305	15
	10	30306	15
}
