Group	n3way_01
{
	Vnum	301
	1	601	1
	2	602	1
	3	603	1
	4	604	1
	5	651	1
	6	653	1
	7	658 1
}
Group	n3way_02
{
	Vnum	302
	1	605	1
	2	606	1
	3	607	1
	4	608	1
	5	609	1
	6	610	1
	7	652	2
}
Group	n3way_03
{
	Vnum	303
	1	611	1
	2	612	1
	3	613	1
	4	614	1
	5	654	1
	6	655	1
	7	656	1
}
Group	n3way_04
{
	Vnum	304
	1	614	1
	2	615	1
	3	616	1
	4	617	1
	5	656	1
	6	657	2
}
Group	n3way_05
{
	Vnum	305
	1	701	1
	2	702	1
	3	703	1
	4	704	1
	5	705	1
	6	706	1
	7	751	7
}
Group	n3way_06
{
	Vnum	306
	1	707	1
	2	708	1
	3	709	1
	4	710	1
	5	711	1
	6	712	1
}
